[0xff5e1ec7, nil]
[0xeab41782, nil]
[0xbdb4b848, nil]
[0x95d89b41, nil]
[0x603f4d52, nil]
[0xf16e4f84, nil]
[0x70a08231, nil]
[0x3023eba6, nil]
[0x81812fc, nil]
[0xc4d8b9df, nil]
[0xa22cb465, nil]
[0x61b20d8c, nil]
[0x191a657, nil]
[0xeab41782, [0x7ff, nil]]
[0xf2fde38b, nil]
[0x715018a6, nil]
[0x32624114, nil]
[0x95ea7b3, nil]
[0xbdb4b848, [0x706, nil]]
[0x95d89b41, [0x633, nil]]
[0x603f4d52, [0x4b4, nil]]
[0xc87b56dd, nil]
[0xb0a1c1c4, nil]
[0x6352211e, nil]
[0x1ffc9a7, nil]
[0xf16e4f84, [0x816, nil]]
[0x70a08231, [0x589, nil]]
[0x3023eba6, [0x3bf, nil]]
[0x81812fc, [0x2e9, nil]]
[0xfbaca3c9, nil]
[0x7501f741, nil]
[0x39a0c6f9, nil]
[0x10aec4a6, nil]
[0xc4d8b9df, [0x731, nil]]
[0xa22cb465, [0x65e, nil]]
[0x61b20d8c, [0x4df, nil]]
[0x191a657, [0x241, nil]]
[0xca2fc70f, nil]
[0xb4561cb0, nil]
[0x64ef533b, nil]
[0x6fdde03, nil]
[0xf2fde38b, [0x841, nil]]
[0x715018a6, [0x5c6, nil]]
[0x32624114, [0x3fc, nil]]
[0x95ea7b3, [0x326, nil]]
[0xff984994, nil]
[0x8da5cb5b, nil]
[0x42842e0e, nil]
[0x18160ddd, nil]
[0xc87b56dd, [0x75a, nil]]
[0xb0a1c1c4, [0x687, nil]]
[0x6352211e, [0x4f6, nil]]
[0x1ffc9a7, [0x26a, nil]]
[0xeab41782, [0x1fd2, [0x7ff, nil]]]
[0xe985e9c5, nil]
[0xb88d4fde, nil]
[0x7035bf18, nil]
[0x8003f78, nil]
[0x10aec4a6, [0x343, nil]]
[0xfbaca3c9, [0x86a, nil]]
[0x7501f741, [0x5dd, nil]]
[0x39a0c6f9, [0x439, nil]]
[0x95d89b41, [0x1925, [0x633, nil]]]
[0x5136efb8, nil]
[0x23b872dd, nil]
[0x603f4d52, [0x4bd, nil]]
[0x70a08231, [0x329a, [0x589, nil]]]
[0x3023eba6, [0x329a, [0x3bf, nil]]]
[0x81812fc, [0x3567, [0x2e9, nil]]]
[0xca2fc70f, [0x797, nil]]
[0xb4561cb0, [0x6b2, nil]]
[0x64ef533b, [0x533, nil]]
[0x6fdde03, [0x2a7, nil]]
[0xf16e4f84, [0x81f, nil]]
[0xa22cb465, [0x33de, [0x65e, nil]]]
[0x191a657, [0x329a, [0x241, nil]]]
[0xff984994, [0x895, nil]]
[0x8da5cb5b, [0x608, nil]]
[0x42842e0e, [0x462, nil]]
[0x18160ddd, [0x36b, nil]]
[0x61b20d8c, [0x153a, [0x4df, nil]]]
[0xf2fde38b, [0x329a, [0x841, nil]]]
[0x32624114, [0x3461, [0x3fc, nil]]]
[0x95ea7b3, [0x341e, [0x326, nil]]]
[0xe985e9c5, [0x7c2, nil]]
[0xb88d4fde, [0x6dd, nil]]
[0x7035bf18, [0x55e, nil]]
[0x8003f78, [0x2d2, nil]]
[0x715018a6, [0x186d, [0x5c6, nil]]]
[0xeab41782, [0x1fda, [0x7ff, nil]]]
[0x10aec4a6, [0x3598, [0x343, nil]]]
[0xc87b56dd, [0x3567, [0x75a, nil]]]
[0x6352211e, [0x3567, [0x4f6, nil]]]
[0x1ffc9a7, [0x34c4, [0x26a, nil]]]
[0x5136efb8, [0x48b, nil]]
[0x23b872dd, [0x396, nil]]
[0xb0a1c1c4, [0x1b38, [0x687, nil]]]
[0xc4d8b9df, [0x353c, [0x731, nil]]]
[0xfbaca3c9, [0x873, nil]]
[0x7501f741, [0x5e6, nil]]
[0x603f4d52, [0x3ccd, [0x4bd, nil]]]
[0x70a08231, [0x3195, [0x329a, [0x589, nil]]]]
[0x3023eba6, [0x3195, [0x329a, [0x3bf, nil]]]]
[0x81812fc, [0x325a, [0x3567, [0x2e9, nil]]]]
[0xb4561cb0, [0x1bbc, [0x6b2, nil]]]
[0x64ef533b, [0x1710, [0x533, nil]]]
[0x6fdde03, [0xa42, [0x2a7, nil]]]
[0x61b20d8c, [0x1542, [0x4df, nil]]]
[0xca2fc70f, [0x7a0, nil]]
[0xf16e4f84, [0x3ccd, [0x81f, nil]]]
[0x42842e0e, [0x330a, [0x462, nil]]]
[0xa22cb465, [0x3195, [0x33de, [0x65e, nil]]]]
[0x191a657, [0x3195, [0x329a, [0x241, nil]]]]
[0xff984994, [0x220e, [0x895, nil]]]
[0x715018a6, [0x1875, [0x5c6, nil]]]
[0x8da5cb5b, [0x611, nil]]
[0x18160ddd, [0x374, nil]]
[0x39a0c6f9, [0x353c, [0x439, nil]]]
[0xe985e9c5, [0x32c8, [0x7c2, nil]]]
[0xb88d4fde, [0x335e, [0x6dd, nil]]]
[0xf2fde38b, [0x3195, [0x329a, [0x841, nil]]]]
[0x32624114, [0x3195, [0x3461, [0x3fc, nil]]]]
[0x95ea7b3, [0x3195, [0x341e, [0x326, nil]]]]
[0x7035bf18, [0x1727, [0x55e, nil]]]
[0x8003f78, [0xad4, [0x2d2, nil]]]
[0xb0a1c1c4, [0x1b42, [0x687, nil]]]
[0x10aec4a6, [0x325a, [0x3598, [0x343, nil]]]]
[0x5136efb8, [0x3567, [0x48b, nil]]]
[0x23b872dd, [0x330a, [0x396, nil]]]
[0xc87b56dd, [0x325a, [0x3567, [0x75a, nil]]]]
[0x6352211e, [0x325a, [0x3567, [0x4f6, nil]]]]
[0x1ffc9a7, [0x31d4, [0x34c4, [0x26a, nil]]]]
[0x95d89b41, [0x1934, [0x633, nil]]]
[0xc4d8b9df, [0x3241, [0x353c, [0x731, nil]]]]
[0x603f4d52, [0x3679, [0x3ccd, [0x4bd, nil]]]]
[0x70a08231, [0x4dfe, [0x3195, [0x329a, [0x589, nil]]]]]
[0x3023eba6, [0x4dfe, [0x3195, [0x329a, [0x3bf, nil]]]]]
[0x81812fc, [0x4e5a, [0x325a, [0x3567, [0x2e9, nil]]]]]
[0x64ef533b, [0x427b, [0x1710, [0x533, nil]]]]
[0xeab41782, [0x2014, [0x7ff, nil]]]
[0xb4561cb0, [0x1bc6, [0x6b2, nil]]]
[0xfbaca3c9, [0x40aa, [0x873, nil]]]
[0x7501f741, [0x40aa, [0x5e6, nil]]]
[0xf16e4f84, [0x3679, [0x3ccd, [0x81f, nil]]]]
[0xa22cb465, [0x4dfe, [0x3195, [0x33de, [0x65e, nil]]]]]
[0x191a657, [0x4dfe, [0x3195, [0x329a, [0x241, nil]]]]]
[0xff984994, [0x2216, [0x895, nil]]]
[0xca2fc70f, [0x40aa, [0x7a0, nil]]]
[0xbdb4b848, [0x70f, nil]]
[0x42842e0e, [0x3195, [0x330a, [0x462, nil]]]]
[0xf2fde38b, [0x4dfe, [0x3195, [0x329a, [0x841, nil]]]]]
[0x32624114, [0x4dfe, [0x3195, [0x3461, [0x3fc, nil]]]]]
[0x95ea7b3, [0x4dfe, [0x3195, [0x341e, [0x326, nil]]]]]
[0x8003f78, [0xadc, [0x2d2, nil]]]
[0x39a0c6f9, [0x3241, [0x353c, [0x439, nil]]]]
[0x8da5cb5b, [0x3c06, [0x611, nil]]]
[0x18160ddd, [0x40aa, [0x374, nil]]]
[0x10aec4a6, [0x4e5a, [0x325a, [0x3598, [0x343, nil]]]]]
[0xe985e9c5, [0x3195, [0x32c8, [0x7c2, nil]]]]
[0xb88d4fde, [0x3195, [0x335e, [0x6dd, nil]]]]
[0xc87b56dd, [0x4e5a, [0x325a, [0x3567, [0x75a, nil]]]]]
[0x6352211e, [0x4e5a, [0x325a, [0x3567, [0x4f6, nil]]]]]
[0x1ffc9a7, [0x4e43, [0x31d4, [0x34c4, [0x26a, nil]]]]]
[0x61b20d8c, [0x157c, [0x4df, nil]]]
[0x603f4d52, [0x434d, [0x3679, [0x3ccd, [0x4bd, nil]]]]]
[0x5136efb8, [0x325a, [0x3567, [0x48b, nil]]]]
[0x23b872dd, [0x3195, [0x330a, [0x396, nil]]]]
[0x70a08231, [0x42af, [0x4dfe, [0x3195, [0x329a, [0x589, nil]]]]]]
[0x3023eba6, [0x42af, [0x4dfe, [0x3195, [0x329a, [0x3bf, nil]]]]]]
[0x61b20d8c, [0x15b6, [0x4df, nil]]]
[0x715018a6, [0x18af, [0x5c6, nil]]]
[0x64ef533b, [0x4286, [0x1710, [0x533, nil]]]]
[0xc4d8b9df, [0x3153, [0x3241, [0x353c, [0x731, nil]]]]]
[0xfbaca3c9, [0x3b52, [0x40aa, [0x873, nil]]]]
[0x7501f741, [0x3b52, [0x40aa, [0x5e6, nil]]]]
[0xf16e4f84, [0x434d, [0x3679, [0x3ccd, [0x81f, nil]]]]]
[0xa22cb465, [0x42af, [0x4dfe, [0x3195, [0x33de, [0x65e, nil]]]]]]
[0x191a657, [0x42af, [0x4dfe, [0x3195, [0x329a, [0x241, nil]]]]]]
[0x715018a6, [0x18e9, [0x5c6, nil]]]
[0xb0a1c1c4, [0x1b7c, [0x687, nil]]]
[0x6fdde03, [0xa51, [0x2a7, nil]]]
[0xeab41782, [0x3faa, [0x2014, [0x7ff, nil]]]]
[0xca2fc70f, [0x3b52, [0x40aa, [0x7a0, nil]]]]
[0x42842e0e, [0x4dfe, [0x3195, [0x330a, [0x462, nil]]]]]
[0xf2fde38b, [0x42af, [0x4dfe, [0x3195, [0x329a, [0x841, nil]]]]]]
[0x32624114, [0x42af, [0x4dfe, [0x3195, [0x3461, [0x3fc, nil]]]]]]
[0x95ea7b3, [0x42af, [0x4dfe, [0x3195, [0x341e, [0x326, nil]]]]]]
[0x8da5cb5b, [0x35e5, [0x3c06, [0x611, nil]]]]
[0x18160ddd, [0x3b52, [0x40aa, [0x374, nil]]]]
[0xbdb4b848, [0x40aa, [0x70f, nil]]]
[0xe985e9c5, [0x4dfe, [0x3195, [0x32c8, [0x7c2, nil]]]]]
[0xb88d4fde, [0x4dfe, [0x3195, [0x335e, [0x6dd, nil]]]]]
[0xb4561cb0, [0x1c00, [0x6b2, nil]]]
[0x7035bf18, [0x1734, [0x55e, nil]]]
[0x39a0c6f9, [0x3153, [0x3241, [0x353c, [0x439, nil]]]]]
[0x603f4d52, [0x4303, [0x434d, [0x3679, [0x3ccd, [0x4bd, nil]]]]]]
[0xeab41782, [0x208a, [0x7ff, nil]]]
[0x5136efb8, [0x4e5a, [0x325a, [0x3567, [0x48b, nil]]]]]
[0x23b872dd, [0x4dfe, [0x3195, [0x330a, [0x396, nil]]]]]
[0xff984994, [0x2250, [0x895, nil]]]
[0xc4d8b9df, [0x4136, [0x3153, [0x3241, [0x353c, [0x731, nil]]]]]]
[0x61b20d8c, [0x3faa, [0x157c, [0x4df, nil]]]]
[0xf16e4f84, [0x4303, [0x434d, [0x3679, [0x3ccd, [0x81f, nil]]]]]]
[0xb0a1c1c4, [0x690, nil]]
[0x8003f78, [0xb16, [0x2d2, nil]]]
[0x61b20d8c, [0x1b38, [0x15b6, [0x4df, nil]]]]
[0x715018a6, [0x3faa, [0x18af, [0x5c6, nil]]]]
[0xeab41782, [0x3a17, [0x3faa, [0x2014, [0x7ff, nil]]]]]
[0x42842e0e, [0x42af, [0x4dfe, [0x3195, [0x330a, [0x462, nil]]]]]]
[0xb0a1c1c4, [0x3faa, [0x1b7c, [0x687, nil]]]]
[0x8da5cb5b, [0x42af, [0x35e5, [0x3c06, [0x611, nil]]]]]
[0xbdb4b848, [0x3b52, [0x40aa, [0x70f, nil]]]]
[0xe985e9c5, [0x42af, [0x4dfe, [0x3195, [0x32c8, [0x7c2, nil]]]]]]
[0xb88d4fde, [0x42af, [0x4dfe, [0x3195, [0x335e, [0x6dd, nil]]]]]]
[0xb4561cb0, [0x6bb, nil]]
[0x39a0c6f9, [0x4136, [0x3153, [0x3241, [0x353c, [0x439, nil]]]]]]
[0x23b872dd, [0x42af, [0x4dfe, [0x3195, [0x330a, [0x396, nil]]]]]]
[0xb4561cb0, [0x3faa, [0x1c00, [0x6b2, nil]]]]
[0x61b20d8c, [0x3a17, [0x3faa, [0x157c, [0x4df, nil]]]]]
[0xeab41782, [0x404a, [0x208a, [0x7ff, nil]]]]
[0xff984994, [0x3faa, [0x2250, [0x895, nil]]]]
[0x715018a6, [0x3a17, [0x3faa, [0x18af, [0x5c6, nil]]]]]
[0x61b20d8c, [0x1b42, [0x15b6, [0x4df, nil]]]]
[0xeab41782, [0x3a24, [0x3faa, [0x2014, [0x7ff, nil]]]]]
[0xb0a1c1c4, [0x40aa, [0x690, nil]]]
[0x8003f78, [0x3faa, [0xb16, [0x2d2, nil]]]]
[0xb0a1c1c4, [0x3a17, [0x3faa, [0x1b7c, [0x687, nil]]]]]
[0x95d89b41, [0x63c, nil]]
[0x10aec4a6, [0x35a6, [0x343, nil]]]
[0xff984994, [0x22c6, [0x895, nil]]]
[0x81812fc, [0x3575, [0x2e9, nil]]]
[0xb4561cb0, [0x40aa, [0x6bb, nil]]]
[0xb4561cb0, [0x3a17, [0x3faa, [0x1c00, [0x6b2, nil]]]]]
[0x61b20d8c, [0x3a24, [0x3faa, [0x157c, [0x4df, nil]]]]]
[0xeab41782, [0x3ac6, [0x404a, [0x208a, [0x7ff, nil]]]]]
[0xff984994, [0x3a17, [0x3faa, [0x2250, [0x895, nil]]]]]
[0x715018a6, [0x3a24, [0x3faa, [0x18af, [0x5c6, nil]]]]]
[0x64ef533b, [0x53c, nil]]
[0xb0a1c1c4, [0x3b52, [0x40aa, [0x690, nil]]]]
[0x8003f78, [0x3a17, [0x3faa, [0xb16, [0x2d2, nil]]]]]
[0xb0a1c1c4, [0x3a24, [0x3faa, [0x1b7c, [0x687, nil]]]]]
[0xc87b56dd, [0x3575, [0x75a, nil]]]
[0x6352211e, [0x3575, [0x4f6, nil]]]
[0x1ffc9a7, [0x34d2, [0x26a, nil]]]
[0xc4d8b9df, [0x413f, [0x3153, [0x3241, [0x353c, [0x731, nil]]]]]]
[0x81812fc, [0xb5b, [0x3575, [0x2e9, nil]]]]
[0x95d89b41, [0x3ce8, [0x63c, nil]]]
[0x10aec4a6, [0x326f, [0x35a6, [0x343, nil]]]]
[0xb4561cb0, [0x3b52, [0x40aa, [0x6bb, nil]]]]
[0xa22cb465, [0x33ec, [0x65e, nil]]]
[0x61b20d8c, [0x1b7c, [0x15b6, [0x4df, nil]]]]
[0xb4561cb0, [0x3a24, [0x3faa, [0x1c00, [0x6b2, nil]]]]]
[0xff984994, [0x3d6a, [0x22c6, [0x895, nil]]]]
[0x6fdde03, [0x2b0, nil]]
[0xeab41782, [0x3ad3, [0x404a, [0x208a, [0x7ff, nil]]]]]
[0x32624114, [0x346f, [0x3fc, nil]]]
[0x95ea7b3, [0x342c, [0x326, nil]]]
[0xff984994, [0x3a24, [0x3faa, [0x2250, [0x895, nil]]]]]
[0x39a0c6f9, [0x413f, [0x3153, [0x3241, [0x353c, [0x439, nil]]]]]]
[0x8003f78, [0x3a24, [0x3faa, [0xb16, [0x2d2, nil]]]]]
[0xc87b56dd, [0x1dd3, [0x3575, [0x75a, nil]]]]
[0x70a08231, [0x32a8, [0x589, nil]]]
[0x3023eba6, [0x32a8, [0x3bf, nil]]]
[0x7035bf18, [0x567, nil]]
[0xff984994, [0x233d, [0x895, nil]]]
[0xc4d8b9df, [0x40c5, [0x413f, [0x3153, [0x3241, [0x353c, [0x731, nil]]]]]]]
[0x64ef533b, [0x40aa, [0x53c, nil]]]
[0x191a657, [0x32a8, [0x241, nil]]]
[0x5136efb8, [0x3575, [0x48b, nil]]]
[0xff984994, [0x2377, [0x895, nil]]]
[0x6352211e, [0x16cd, [0x3575, [0x4f6, nil]]]]
[0x95d89b41, [0x3688, [0x3ce8, [0x63c, nil]]]]
[0x10aec4a6, [0x4e71, [0x326f, [0x35a6, [0x343, nil]]]]]
[0xff984994, [0x377e, [0x3d6a, [0x22c6, [0x895, nil]]]]]
[0xf2fde38b, [0x32a8, [0x841, nil]]]
[0x42842e0e, [0x3318, [0x462, nil]]]
[0xa22cb465, [0x31aa, [0x33ec, [0x65e, nil]]]]
[0x61b20d8c, [0x3faa, [0x1b7c, [0x15b6, [0x4df, nil]]]]]
[0x61b20d8c, [0x15cb, [0x4df, nil]]]
[0x39a0c6f9, [0x40c5, [0x413f, [0x3153, [0x3241, [0x353c, [0x439, nil]]]]]]]
[0x6fdde03, [0x3ce8, [0x2b0, nil]]]
[0xe985e9c5, [0x32d6, [0x7c2, nil]]]
[0xb88d4fde, [0x336c, [0x6dd, nil]]]
[0x81812fc, [0xb6b, [0x3575, [0x2e9, nil]]]]
[0x1ffc9a7, [0xa31, [0x34d2, [0x26a, nil]]]]
[0x32624114, [0x326f, [0x346f, [0x3fc, nil]]]]
[0x95ea7b3, [0x325a, [0x342c, [0x326, nil]]]]
[0x61b20d8c, [0x1605, [0x4df, nil]]]
[0x64ef533b, [0x3b52, [0x40aa, [0x53c, nil]]]]
[0x23b872dd, [0x3318, [0x396, nil]]]
[0x191a657, [0x8a0, [0x32a8, [0x241, nil]]]]
[0x5136efb8, [0x1334, [0x3575, [0x48b, nil]]]]
[0x6352211e, [0x511, nil]]
[0x70a08231, [0x17ec, [0x32a8, [0x589, nil]]]]
[0x7035bf18, [0x3ce8, [0x567, nil]]]
[0xff984994, [0x400a, [0x233d, [0x895, nil]]]]
[0xc4d8b9df, [0x40cf, [0x413f, [0x3153, [0x3241, [0x353c, [0x731, nil]]]]]]]
[0x95d89b41, [0x3693, [0x3ce8, [0x63c, nil]]]]
[0xf2fde38b, [0x210b, [0x32a8, [0x841, nil]]]]
[0xff984994, [0x378b, [0x3d6a, [0x22c6, [0x895, nil]]]]]
[0x6352211e, [0x3eea, [0x16cd, [0x3575, [0x4f6, nil]]]]]
[0x3023eba6, [0x3da, nil]]
[0xc87b56dd, [0x1de3, [0x3575, [0x75a, nil]]]]
[0xa22cb465, [0x4e15, [0x31aa, [0x33ec, [0x65e, nil]]]]]
[0x61b20d8c, [0x3a17, [0x3faa, [0x1b7c, [0x15b6, [0x4df, nil]]]]]]
[0x6fdde03, [0x3688, [0x3ce8, [0x2b0, nil]]]]
[0x81812fc, [0x304, nil]]
[0x1ffc9a7, [0x285, nil]]
[0x42842e0e, [0x3195, [0x3318, [0x462, nil]]]]
[0x32624114, [0x4e71, [0x326f, [0x346f, [0x3fc, nil]]]]]
[0x95ea7b3, [0x4e5a, [0x325a, [0x342c, [0x326, nil]]]]]
[0x61b20d8c, [0x3d0a, [0x15cb, [0x4df, nil]]]]
[0x39a0c6f9, [0x40cf, [0x413f, [0x3153, [0x3241, [0x353c, [0x439, nil]]]]]]]
[0xe985e9c5, [0x3195, [0x32d6, [0x7c2, nil]]]]
[0xb88d4fde, [0x3195, [0x336c, [0x6dd, nil]]]]
[0x81812fc, [0x3f6a, [0xb6b, [0x3575, [0x2e9, nil]]]]]
[0x70a08231, [0x5a4, nil]]
[0x61b20d8c, [0x4221, [0x1605, [0x4df, nil]]]]
[0x7035bf18, [0x3688, [0x3ce8, [0x567, nil]]]]
[0xff984994, [0x3a80, [0x400a, [0x233d, [0x895, nil]]]]]
[0xc87b56dd, [0x1e29, [0x3575, [0x75a, nil]]]]
[0x23b872dd, [0x3195, [0x3318, [0x396, nil]]]]
[0x191a657, [0x8a8, [0x32a8, [0x241, nil]]]]
[0x5136efb8, [0x133c, [0x3575, [0x48b, nil]]]]
[0x6352211e, [0x3c06, [0x511, nil]]]
[0x70a08231, [0x3eca, [0x17ec, [0x32a8, [0x589, nil]]]]]
[0x6352211e, [0x3922, [0x3eea, [0x16cd, [0x3575, [0x4f6, nil]]]]]]
[0xc4d8b9df, [0x43d3, [0x40cf, [0x413f, [0x3153, [0x3241, [0x353c, [0x731, nil]]]]]]]]
[0x95d89b41, [0x369d, [0x3ce8, [0x63c, nil]]]]
[0xf2fde38b, [0x2113, [0x32a8, [0x841, nil]]]]
[0x61b20d8c, [0x3a24, [0x3faa, [0x1b7c, [0x15b6, [0x4df, nil]]]]]]
[0x6fdde03, [0x3693, [0x3ce8, [0x2b0, nil]]]]
[0x3023eba6, [0x40aa, [0x3da, nil]]]
[0xc87b56dd, [0x3fea, [0x1de3, [0x3575, [0x75a, nil]]]]]
[0x42842e0e, [0x4dfe, [0x3195, [0x3318, [0x462, nil]]]]]
[0xc87b56dd, [0x1e43, [0x3575, [0x75a, nil]]]]
[0x61b20d8c, [0x36f2, [0x3d0a, [0x15cb, [0x4df, nil]]]]]
[0x81812fc, [0x3c06, [0x304, nil]]]
[0x1ffc9a7, [0x3c6d, [0x285, nil]]]
[0xe985e9c5, [0x4dfe, [0x3195, [0x32d6, [0x7c2, nil]]]]]
[0xb88d4fde, [0x4dfe, [0x3195, [0x336c, [0x6dd, nil]]]]]
[0x81812fc, [0x39ae, [0x3f6a, [0xb6b, [0x3575, [0x2e9, nil]]]]]]
[0xc87b56dd, [0x1ed4, [0x3575, [0x75a, nil]]]]
[0x61b20d8c, [0x422c, [0x1605, [0x4df, nil]]]]
[0x7035bf18, [0x3693, [0x3ce8, [0x567, nil]]]]
[0xff984994, [0x3a8d, [0x400a, [0x233d, [0x895, nil]]]]]
[0x39a0c6f9, [0x43d3, [0x40cf, [0x413f, [0x3153, [0x3241, [0x353c, [0x439, nil]]]]]]]]
[0x23b872dd, [0x4dfe, [0x3195, [0x3318, [0x396, nil]]]]]
[0x10aec4a6, [0x35b7, [0x343, nil]]]
[0x70a08231, [0x40aa, [0x5a4, nil]]]
[0x6352211e, [0x35e5, [0x3c06, [0x511, nil]]]]
[0x70a08231, [0x38ff, [0x3eca, [0x17ec, [0x32a8, [0x589, nil]]]]]]
[0x6352211e, [0x392f, [0x3eea, [0x16cd, [0x3575, [0x4f6, nil]]]]]]
[0xc87b56dd, [0x419a, [0x1e29, [0x3575, [0x75a, nil]]]]]
[0x3023eba6, [0x3b52, [0x40aa, [0x3da, nil]]]]
[0xc87b56dd, [0x3a5d, [0x3fea, [0x1de3, [0x3575, [0x75a, nil]]]]]]
[0x42842e0e, [0x42af, [0x4dfe, [0x3195, [0x3318, [0x462, nil]]]]]]
[0x61b20d8c, [0x36ff, [0x3d0a, [0x15cb, [0x4df, nil]]]]]
[0x81812fc, [0x35e5, [0x3c06, [0x304, nil]]]]
[0x1ffc9a7, [0x360b, [0x3c6d, [0x285, nil]]]]
[0xe985e9c5, [0x42af, [0x4dfe, [0x3195, [0x32d6, [0x7c2, nil]]]]]]
[0xb88d4fde, [0x42af, [0x4dfe, [0x3195, [0x336c, [0x6dd, nil]]]]]]
[0x191a657, [0x8e2, [0x32a8, [0x241, nil]]]]
[0x5136efb8, [0x1376, [0x3575, [0x48b, nil]]]]
[0x6fdde03, [0x369d, [0x3ce8, [0x2b0, nil]]]]
[0x81812fc, [0x39bb, [0x3f6a, [0xb6b, [0x3575, [0x2e9, nil]]]]]]
[0x23b872dd, [0x42af, [0x4dfe, [0x3195, [0x3318, [0x396, nil]]]]]]
[0xf2fde38b, [0x214d, [0x32a8, [0x841, nil]]]]
[0xc87b56dd, [0x2aa3, [0x1ed4, [0x3575, [0x75a, nil]]]]]
[0x70a08231, [0x3b52, [0x40aa, [0x5a4, nil]]]]
[0x6352211e, [0x42af, [0x35e5, [0x3c06, [0x511, nil]]]]]
[0x70a08231, [0x390c, [0x3eca, [0x17ec, [0x32a8, [0x589, nil]]]]]]
[0x7035bf18, [0x369d, [0x3ce8, [0x567, nil]]]]
[0xc87b56dd, [0x41a5, [0x1e29, [0x3575, [0x75a, nil]]]]]
[0x10aec4a6, [0x31bf, [0x35b7, [0x343, nil]]]]
[0xc87b56dd, [0x3a6a, [0x3fea, [0x1de3, [0x3575, [0x75a, nil]]]]]]
[0x32624114, [0x3480, [0x3fc, nil]]]
[0xf2fde38b, [0x21bd, [0x32a8, [0x841, nil]]]]
[0x81812fc, [0x42af, [0x35e5, [0x3c06, [0x304, nil]]]]]
[0xf2fde38b, [0x21f7, [0x32a8, [0x841, nil]]]]
[0x191a657, [0x3faa, [0x8e2, [0x32a8, [0x241, nil]]]]]
[0x5136efb8, [0x3faa, [0x1376, [0x3575, [0x48b, nil]]]]]
[0xc87b56dd, [0x1e4f, [0x3575, [0x75a, nil]]]]
[0xa22cb465, [0x33fd, [0x65e, nil]]]
[0xf2fde38b, [0x3faa, [0x214d, [0x32a8, [0x841, nil]]]]]
[0x10aec4a6, [0x4e2c, [0x31bf, [0x35b7, [0x343, nil]]]]]
[0x95ea7b3, [0x343d, [0x326, nil]]]
[0x95d89b41, [0x36ad, [0x3ce8, [0x63c, nil]]]]
[0x5136efb8, [0x13ed, [0x3575, [0x48b, nil]]]]
[0x61b20d8c, [0x4270, [0x1605, [0x4df, nil]]]]
[0x5136efb8, [0x1427, [0x3575, [0x48b, nil]]]]
[0x32624114, [0x31bf, [0x3480, [0x3fc, nil]]]]
[0xf2fde38b, [0x3daa, [0x21bd, [0x32a8, [0x841, nil]]]]]
[0xc4d8b9df, [0x3182, [0x3241, [0x353c, [0x731, nil]]]]]
[0x191a657, [0x3a17, [0x3faa, [0x8e2, [0x32a8, [0x241, nil]]]]]]
[0x5136efb8, [0x3a17, [0x3faa, [0x1376, [0x3575, [0x48b, nil]]]]]]
[0xa22cb465, [0x19b7, [0x33fd, [0x65e, nil]]]]
[0xf2fde38b, [0x3a17, [0x3faa, [0x214d, [0x32a8, [0x841, nil]]]]]]
[0xc87b56dd, [0x2ab2, [0x1ed4, [0x3575, [0x75a, nil]]]]]
[0x95ea7b3, [0xbe0, [0x343d, [0x326, nil]]]]
[0x39a0c6f9, [0x3182, [0x3241, [0x353c, [0x439, nil]]]]]
[0x61b20d8c, [0x163b, [0x4270, [0x1605, [0x4df, nil]]]]]
[0x5136efb8, [0x408a, [0x13ed, [0x3575, [0x48b, nil]]]]]
[0x32624114, [0x4e2c, [0x31bf, [0x3480, [0x3fc, nil]]]]]
[0xf2fde38b, [0x37c4, [0x3daa, [0x21bd, [0x32a8, [0x841, nil]]]]]]
[0x6fdde03, [0x36ad, [0x3ce8, [0x2b0, nil]]]]
[0x191a657, [0x3a24, [0x3faa, [0x8e2, [0x32a8, [0x241, nil]]]]]]
[0x5136efb8, [0x3a24, [0x3faa, [0x1376, [0x3575, [0x48b, nil]]]]]]
[0x5136efb8, [0x419a, [0x1427, [0x3575, [0x48b, nil]]]]]
[0x42842e0e, [0x3329, [0x462, nil]]]
[0xf2fde38b, [0x3a24, [0x3faa, [0x214d, [0x32a8, [0x841, nil]]]]]]
[0x7035bf18, [0x36ad, [0x3ce8, [0x567, nil]]]]
[0xb88d4fde, [0x337d, [0x6dd, nil]]]
[0x95ea7b3, [0x16cd, [0xbe0, [0x343d, [0x326, nil]]]]]
[0x61b20d8c, [0x41f0, [0x163b, [0x4270, [0x1605, [0x4df, nil]]]]]]
[0x23b872dd, [0x3329, [0x396, nil]]]
[0xa22cb465, [0x19f3, [0x33fd, [0x65e, nil]]]]
[0x5136efb8, [0x3b2f, [0x408a, [0x13ed, [0x3575, [0x48b, nil]]]]]]
[0xf2fde38b, [0x37d1, [0x3daa, [0x21bd, [0x32a8, [0x841, nil]]]]]]
[0xa22cb465, [0x1a2d, [0x33fd, [0x65e, nil]]]]
[0x5136efb8, [0x41a5, [0x1427, [0x3575, [0x48b, nil]]]]]
[0xe985e9c5, [0x32e7, [0x7c2, nil]]]
[0x10aec4a6, [0x35c8, [0x343, nil]]]
[0x42842e0e, [0x325a, [0x3329, [0x462, nil]]]]
[0x95ea7b3, [0x3eea, [0x16cd, [0xbe0, [0x343d, [0x326, nil]]]]]]
[0x95ea7b3, [0xc22, [0x343d, [0x326, nil]]]]
[0x61b20d8c, [0x41fb, [0x163b, [0x4270, [0x1605, [0x4df, nil]]]]]]
[0xb88d4fde, [0x325a, [0x337d, [0x6dd, nil]]]]
[0x95ea7b3, [0xc5c, [0x343d, [0x326, nil]]]]
[0x5136efb8, [0x3b3c, [0x408a, [0x13ed, [0x3575, [0x48b, nil]]]]]]
[0x23b872dd, [0x325a, [0x3329, [0x396, nil]]]]
[0xa22cb465, [0x3e4a, [0x19f3, [0x33fd, [0x65e, nil]]]]]
[0xa22cb465, [0x1a3a, [0x33fd, [0x65e, nil]]]]
[0x42842e0e, [0x4e5a, [0x325a, [0x3329, [0x462, nil]]]]]
[0x95ea7b3, [0x3922, [0x3eea, [0x16cd, [0xbe0, [0x343d, [0x326, nil]]]]]]]
[0xc4d8b9df, [0x3548, [0x731, nil]]]
[0xc87b56dd, [0x775, nil]]
[0x10aec4a6, [0x31bf, [0x35c8, [0x343, nil]]]]
[0xb88d4fde, [0x4e5a, [0x325a, [0x337d, [0x6dd, nil]]]]]
[0x95ea7b3, [0x402a, [0xc22, [0x343d, [0x326, nil]]]]]
[0x32624114, [0x3491, [0x3fc, nil]]]
[0xe985e9c5, [0x7dd, nil]]
[0x23b872dd, [0x4e5a, [0x325a, [0x3329, [0x396, nil]]]]]
[0xa22cb465, [0x3873, [0x3e4a, [0x19f3, [0x33fd, [0x65e, nil]]]]]]
[0x39a0c6f9, [0x3548, [0x439, nil]]]
[0xc4d8b9df, [0x1d3d, [0x3548, [0x731, nil]]]]
[0x95ea7b3, [0xc98, [0x343d, [0x326, nil]]]]
[0x95ea7b3, [0x392f, [0x3eea, [0x16cd, [0xbe0, [0x343d, [0x326, nil]]]]]]]
[0x10aec4a6, [0x4e2c, [0x31bf, [0x35c8, [0x343, nil]]]]]
[0xa22cb465, [0x1ae7, [0x33fd, [0x65e, nil]]]]
[0xc87b56dd, [0x1efe, [0x3575, [0x75a, nil]]]]
[0xc87b56dd, [0x3ce8, [0x775, nil]]]
[0x95ea7b3, [0x3aa3, [0x402a, [0xc22, [0x343d, [0x326, nil]]]]]]
[0xa22cb465, [0x3880, [0x3e4a, [0x19f3, [0x33fd, [0x65e, nil]]]]]]
[0x5136efb8, [0x143f, [0x3575, [0x48b, nil]]]]
[0x95ea7b3, [0xcaf, [0x343d, [0x326, nil]]]]
[0x39a0c6f9, [0x127e, [0x3548, [0x439, nil]]]]
[0x32624114, [0x31bf, [0x3491, [0x3fc, nil]]]]
[0xe985e9c5, [0x3c6d, [0x7dd, nil]]]
[0x95ea7b3, [0xce9, [0x343d, [0x326, nil]]]]
[0xc4d8b9df, [0x1d45, [0x3548, [0x731, nil]]]]
[0xc87b56dd, [0x3688, [0x3ce8, [0x775, nil]]]]
[0x95ea7b3, [0x3ab0, [0x402a, [0xc22, [0x343d, [0x326, nil]]]]]]
[0xa22cb465, [0x3c6d, [0x1ae7, [0x33fd, [0x65e, nil]]]]]
[0x61b20d8c, [0x28d0, [0x4270, [0x1605, [0x4df, nil]]]]]
[0x32624114, [0x4e2c, [0x31bf, [0x3491, [0x3fc, nil]]]]]
[0xe985e9c5, [0x360b, [0x3c6d, [0x7dd, nil]]]]
[0x95ea7b3, [0x2381, [0xc98, [0x343d, [0x326, nil]]]]]
[0x5136efb8, [0x1485, [0x3575, [0x48b, nil]]]]
[0x5136efb8, [0x3dea, [0x143f, [0x3575, [0x48b, nil]]]]]
[0x95ea7b3, [0x3eaa, [0xcaf, [0x343d, [0x326, nil]]]]]
[0x39a0c6f9, [0x1286, [0x3548, [0x439, nil]]]]
[0x95ea7b3, [0x245f, [0xce9, [0x343d, [0x326, nil]]]]]
[0xc87b56dd, [0x3693, [0x3ce8, [0x775, nil]]]]
[0xa22cb465, [0x360b, [0x3c6d, [0x1ae7, [0x33fd, [0x65e, nil]]]]]]
[0xc87b56dd, [0x2b8e, [0x1efe, [0x3575, [0x75a, nil]]]]]
[0x61b20d8c, [0x3bf1, [0x28d0, [0x4270, [0x1605, [0x4df, nil]]]]]]
[0xc87b56dd, [0x1f08, [0x3575, [0x75a, nil]]]]
[0x5136efb8, [0x380a, [0x3dea, [0x143f, [0x3575, [0x48b, nil]]]]]]
[0x95ea7b3, [0x38dc, [0x3eaa, [0xcaf, [0x343d, [0x326, nil]]]]]]
[0x42842e0e, [0x333a, [0x462, nil]]]
[0xb88d4fde, [0x33af, [0x6dd, nil]]]
[0xc4d8b9df, [0x1d7f, [0x3548, [0x731, nil]]]]
[0x5136efb8, [0x2518, [0x1485, [0x3575, [0x48b, nil]]]]]
[0x95ea7b3, [0x16cd, [0x245f, [0xce9, [0x343d, [0x326, nil]]]]]]
[0xc4d8b9df, [0x1db9, [0x3548, [0x731, nil]]]]
[0x23b872dd, [0x333a, [0x396, nil]]]
[0x39a0c6f9, [0x12c0, [0x3548, [0x439, nil]]]]
[0xc87b56dd, [0x369d, [0x3ce8, [0x775, nil]]]]
[0x61b20d8c, [0x3ae9, [0x3bf1, [0x28d0, [0x4270, [0x1605, [0x4df, nil]]]]]]]
[0x42842e0e, [0x1314, [0x333a, [0x462, nil]]]]
[0x39a0c6f9, [0x12fa, [0x3548, [0x439, nil]]]]
[0x5136efb8, [0x3817, [0x3dea, [0x143f, [0x3575, [0x48b, nil]]]]]]
[0x95ea7b3, [0x38e9, [0x3eaa, [0xcaf, [0x343d, [0x326, nil]]]]]]
[0xc87b56dd, [0x4404, [0x2b8e, [0x1efe, [0x3575, [0x75a, nil]]]]]]
[0x10aec4a6, [0x35d9, [0x343, nil]]]
[0xc87b56dd, [0x3b9c, [0x1f08, [0x3575, [0x75a, nil]]]]]
[0x5136efb8, [0x419a, [0x2518, [0x1485, [0x3575, [0x48b, nil]]]]]]
[0x95ea7b3, [0x3eea, [0x16cd, [0x245f, [0xce9, [0x343d, [0x326, nil]]]]]]]
[0xb88d4fde, [0x3213, [0x33af, [0x6dd, nil]]]]
[0xc4d8b9df, [0x3faa, [0x1d7f, [0x3548, [0x731, nil]]]]]
[0x23b872dd, [0x1108, [0x333a, [0x396, nil]]]]
[0xc4d8b9df, [0x306e, [0x1db9, [0x3548, [0x731, nil]]]]]
[0x61b20d8c, [0x3af6, [0x3bf1, [0x28d0, [0x4270, [0x1605, [0x4df, nil]]]]]]]
[0x10aec4a6, [0xcf8, [0x35d9, [0x343, nil]]]]
[0x39a0c6f9, [0x3faa, [0x12c0, [0x3548, [0x439, nil]]]]]
[0x42842e0e, [0x1c42, [0x1314, [0x333a, [0x462, nil]]]]]
[0xc87b56dd, [0x36c1, [0x3b9c, [0x1f08, [0x3575, [0x75a, nil]]]]]]
[0x95ea7b3, [0x3922, [0x3eea, [0x16cd, [0x245f, [0xce9, [0x343d, [0x326, nil]]]]]]]]
[0x5136efb8, [0x41a5, [0x2518, [0x1485, [0x3575, [0x48b, nil]]]]]]
[0x39a0c6f9, [0x306e, [0x12fa, [0x3548, [0x439, nil]]]]]
[0xc4d8b9df, [0x3a17, [0x3faa, [0x1d7f, [0x3548, [0x731, nil]]]]]]
[0xc87b56dd, [0x2c0a, [0x1efe, [0x3575, [0x75a, nil]]]]]
[0xb88d4fde, [0x3111, [0x3213, [0x33af, [0x6dd, nil]]]]]
[0x32624114, [0x34a2, [0x3fc, nil]]]
[0x39a0c6f9, [0x3a17, [0x3faa, [0x12c0, [0x3548, [0x439, nil]]]]]]
[0x23b872dd, [0x2381, [0x1108, [0x333a, [0x396, nil]]]]]
[0xc87b56dd, [0x36cc, [0x3b9c, [0x1f08, [0x3575, [0x75a, nil]]]]]]
[0x95ea7b3, [0x392f, [0x3eea, [0x16cd, [0x245f, [0xce9, [0x343d, [0x326, nil]]]]]]]]
[0x10aec4a6, [0x1180, [0xcf8, [0x35d9, [0x343, nil]]]]]
[0xc4d8b9df, [0x3a24, [0x3faa, [0x1d7f, [0x3548, [0x731, nil]]]]]]
[0xc87b56dd, [0x2b98, [0x1efe, [0x3575, [0x75a, nil]]]]]
[0xb88d4fde, [0x4105, [0x3111, [0x3213, [0x33af, [0x6dd, nil]]]]]]
[0x32624114, [0x1180, [0x34a2, [0x3fc, nil]]]]
[0xc87b56dd, [0x427b, [0x2c0a, [0x1efe, [0x3575, [0x75a, nil]]]]]]
[0x42842e0e, [0x2381, [0x1c42, [0x1314, [0x333a, [0x462, nil]]]]]]
[0xc87b56dd, [0x36ad, [0x3ce8, [0x775, nil]]]]
[0x39a0c6f9, [0x3a24, [0x3faa, [0x12c0, [0x3548, [0x439, nil]]]]]]
[0x23b872dd, [0x2596, [0x2381, [0x1108, [0x333a, [0x396, nil]]]]]]
[0x10aec4a6, [0x3b70, [0x1180, [0xcf8, [0x35d9, [0x343, nil]]]]]]
[0xc87b56dd, [0x36d6, [0x3b9c, [0x1f08, [0x3575, [0x75a, nil]]]]]]
[0xc87b56dd, [0x4286, [0x2c0a, [0x1efe, [0x3575, [0x75a, nil]]]]]]
[0xc87b56dd, [0x41f0, [0x2b98, [0x1efe, [0x3575, [0x75a, nil]]]]]]
[0xc4d8b9df, [0x30e3, [0x1db9, [0x3548, [0x731, nil]]]]]
[0x42842e0e, [0x2596, [0x2381, [0x1c42, [0x1314, [0x333a, [0x462, nil]]]]]]]
[0x32624114, [0x3b70, [0x1180, [0x34a2, [0x3fc, nil]]]]]
[0x10aec4a6, [0x35f4, [0x3b70, [0x1180, [0xcf8, [0x35d9, [0x343, nil]]]]]]]
[0x39a0c6f9, [0x30e3, [0x12fa, [0x3548, [0x439, nil]]]]]
[0x5136efb8, [0x148e, [0x3575, [0x48b, nil]]]]
[0x23b872dd, [0x25a6, [0x2381, [0x1108, [0x333a, [0x396, nil]]]]]]
[0xc87b56dd, [0x41fb, [0x2b98, [0x1efe, [0x3575, [0x75a, nil]]]]]]
[0x32624114, [0x35f4, [0x3b70, [0x1180, [0x34a2, [0x3fc, nil]]]]]]
[0x23b872dd, [0x25e0, [0x2381, [0x1108, [0x333a, [0x396, nil]]]]]]
[0x61b20d8c, [0x2942, [0x4270, [0x1605, [0x4df, nil]]]]]
[0x10aec4a6, [0x42af, [0x35f4, [0x3b70, [0x1180, [0xcf8, [0x35d9, [0x343, nil]]]]]]]]
[0xb88d4fde, [0x410e, [0x3111, [0x3213, [0x33af, [0x6dd, nil]]]]]]
[0x42842e0e, [0x25a6, [0x2381, [0x1c42, [0x1314, [0x333a, [0x462, nil]]]]]]]
[0x42842e0e, [0x25e0, [0x2381, [0x1c42, [0x1314, [0x333a, [0x462, nil]]]]]]]
[0x32624114, [0x42af, [0x35f4, [0x3b70, [0x1180, [0x34a2, [0x3fc, nil]]]]]]]
[0x5136efb8, [0x252e, [0x148e, [0x3575, [0x48b, nil]]]]]
[0x23b872dd, [0x3e8a, [0x25a6, [0x2381, [0x1108, [0x333a, [0x396, nil]]]]]]]
[0x61b20d8c, [0x164a, [0x4df, nil]]]
[0xb88d4fde, [0x40c5, [0x410e, [0x3111, [0x3213, [0x33af, [0x6dd, nil]]]]]]]
[0x23b872dd, [0x16cd, [0x25e0, [0x2381, [0x1108, [0x333a, [0x396, nil]]]]]]]
[0xc87b56dd, [0x2c16, [0x1efe, [0x3575, [0x75a, nil]]]]]
[0x61b20d8c, [0x3e0a, [0x2942, [0x4270, [0x1605, [0x4df, nil]]]]]]
[0x42842e0e, [0x3e8a, [0x25a6, [0x2381, [0x1c42, [0x1314, [0x333a, [0x462, nil]]]]]]]]
[0x5136efb8, [0x2c96, [0x252e, [0x148e, [0x3575, [0x48b, nil]]]]]]
[0x42842e0e, [0x16cd, [0x25e0, [0x2381, [0x1c42, [0x1314, [0x333a, [0x462, nil]]]]]]]]
[0x23b872dd, [0x38b9, [0x3e8a, [0x25a6, [0x2381, [0x1108, [0x333a, [0x396, nil]]]]]]]]
[0x23b872dd, [0x3eea, [0x16cd, [0x25e0, [0x2381, [0x1108, [0x333a, [0x396, nil]]]]]]]]
[0x23b872dd, [0x2622, [0x2381, [0x1108, [0x333a, [0x396, nil]]]]]]
[0x61b20d8c, [0x1b38, [0x164a, [0x4df, nil]]]]
[0x61b20d8c, [0x382d, [0x3e0a, [0x2942, [0x4270, [0x1605, [0x4df, nil]]]]]]]
[0xc87b56dd, [0x3ba8, [0x1f08, [0x3575, [0x75a, nil]]]]]
[0xb88d4fde, [0x40cf, [0x410e, [0x3111, [0x3213, [0x33af, [0x6dd, nil]]]]]]]
[0xc87b56dd, [0x447b, [0x2c16, [0x1efe, [0x3575, [0x75a, nil]]]]]]
[0x42842e0e, [0x38b9, [0x3e8a, [0x25a6, [0x2381, [0x1c42, [0x1314, [0x333a, [0x462, nil]]]]]]]]]
[0x5136efb8, [0x2efd, [0x2c96, [0x252e, [0x148e, [0x3575, [0x48b, nil]]]]]]]
[0x5136efb8, [0x2ec3, [0x2c96, [0x252e, [0x148e, [0x3575, [0x48b, nil]]]]]]]
[0x23b872dd, [0x2660, [0x2381, [0x1108, [0x333a, [0x396, nil]]]]]]
[0x42842e0e, [0x3eea, [0x16cd, [0x25e0, [0x2381, [0x1c42, [0x1314, [0x333a, [0x462, nil]]]]]]]]]
[0x42842e0e, [0x2622, [0x2381, [0x1c42, [0x1314, [0x333a, [0x462, nil]]]]]]]
[0x23b872dd, [0x38c6, [0x3e8a, [0x25a6, [0x2381, [0x1108, [0x333a, [0x396, nil]]]]]]]]
[0x10aec4a6, [0x42ba, [0x35f4, [0x3b70, [0x1180, [0xcf8, [0x35d9, [0x343, nil]]]]]]]]
[0x23b872dd, [0x3922, [0x3eea, [0x16cd, [0x25e0, [0x2381, [0x1108, [0x333a, [0x396, nil]]]]]]]]]
[0x61b20d8c, [0x1b42, [0x164a, [0x4df, nil]]]]
[0x61b20d8c, [0x383a, [0x3e0a, [0x2942, [0x4270, [0x1605, [0x4df, nil]]]]]]]
[0x32624114, [0x42ba, [0x35f4, [0x3b70, [0x1180, [0x34a2, [0x3fc, nil]]]]]]]
[0x23b872dd, [0xb5b, [0x2622, [0x2381, [0x1108, [0x333a, [0x396, nil]]]]]]]
[0x42842e0e, [0x2660, [0x2381, [0x1c42, [0x1314, [0x333a, [0x462, nil]]]]]]]
[0xc87b56dd, [0x4486, [0x2c16, [0x1efe, [0x3575, [0x75a, nil]]]]]]
[0xc87b56dd, [0x36c1, [0x3ba8, [0x1f08, [0x3575, [0x75a, nil]]]]]]
[0xb88d4fde, [0x43d3, [0x40cf, [0x410e, [0x3111, [0x3213, [0x33af, [0x6dd, nil]]]]]]]]
[0x42842e0e, [0x38c6, [0x3e8a, [0x25a6, [0x2381, [0x1c42, [0x1314, [0x333a, [0x462, nil]]]]]]]]]
[0x5136efb8, [0x3f2a, [0x2ec3, [0x2c96, [0x252e, [0x148e, [0x3575, [0x48b, nil]]]]]]]]
[0x42842e0e, [0x3922, [0x3eea, [0x16cd, [0x25e0, [0x2381, [0x1c42, [0x1314, [0x333a, [0x462, nil]]]]]]]]]]
[0x10aec4a6, [0x444d, [0x42ba, [0x35f4, [0x3b70, [0x1180, [0xcf8, [0x35d9, [0x343, nil]]]]]]]]]
[0x23b872dd, [0x111e, [0x333a, [0x396, nil]]]]
[0x23b872dd, [0x392f, [0x3eea, [0x16cd, [0x25e0, [0x2381, [0x1108, [0x333a, [0x396, nil]]]]]]]]]
[0x42842e0e, [0xb5b, [0x2622, [0x2381, [0x1c42, [0x1314, [0x333a, [0x462, nil]]]]]]]]
[0x32624114, [0x444d, [0x42ba, [0x35f4, [0x3b70, [0x1180, [0x34a2, [0x3fc, nil]]]]]]]]
[0x23b872dd, [0x1158, [0x333a, [0x396, nil]]]]
[0x5136efb8, [0x2f0c, [0x2c96, [0x252e, [0x148e, [0x3575, [0x48b, nil]]]]]]]
[0x5136efb8, [0x2f46, [0x2c96, [0x252e, [0x148e, [0x3575, [0x48b, nil]]]]]]]
[0xc87b56dd, [0x36cc, [0x3ba8, [0x1f08, [0x3575, [0x75a, nil]]]]]]
[0x5136efb8, [0x3968, [0x3f2a, [0x2ec3, [0x2c96, [0x252e, [0x148e, [0x3575, [0x48b, nil]]]]]]]]]
[0x42842e0e, [0x1c58, [0x1314, [0x333a, [0x462, nil]]]]]
[0x23b872dd, [0xb6b, [0x2622, [0x2381, [0x1108, [0x333a, [0x396, nil]]]]]]]
[0x42842e0e, [0x392f, [0x3eea, [0x16cd, [0x25e0, [0x2381, [0x1c42, [0x1314, [0x333a, [0x462, nil]]]]]]]]]]
[0x61b20d8c, [0x1b7c, [0x164a, [0x4df, nil]]]]
[0x42842e0e, [0x1c92, [0x1314, [0x333a, [0x462, nil]]]]]
[0x10aec4a6, [0x4469, [0x444d, [0x42ba, [0x35f4, [0x3b70, [0x1180, [0xcf8, [0x35d9, [0x343, nil]]]]]]]]]]
[0x23b872dd, [0x406a, [0x111e, [0x333a, [0x396, nil]]]]]
[0x32624114, [0x4469, [0x444d, [0x42ba, [0x35f4, [0x3b70, [0x1180, [0x34a2, [0x3fc, nil]]]]]]]]]
[0x42842e0e, [0xb6b, [0x2622, [0x2381, [0x1c42, [0x1314, [0x333a, [0x462, nil]]]]]]]]
[0x23b872dd, [0x2674, [0x1158, [0x333a, [0x396, nil]]]]]
[0x5136efb8, [0x3dca, [0x2f0c, [0x2c96, [0x252e, [0x148e, [0x3575, [0x48b, nil]]]]]]]]
[0x5136efb8, [0x3975, [0x3f2a, [0x2ec3, [0x2c96, [0x252e, [0x148e, [0x3575, [0x48b, nil]]]]]]]]]
[0x5136efb8, [0x2f52, [0x2c96, [0x252e, [0x148e, [0x3575, [0x48b, nil]]]]]]]
[0xc87b56dd, [0x36d6, [0x3ba8, [0x1f08, [0x3575, [0x75a, nil]]]]]]
[0x42842e0e, [0x406a, [0x1c58, [0x1314, [0x333a, [0x462, nil]]]]]]
[0x23b872dd, [0x3f6a, [0xb6b, [0x2622, [0x2381, [0x1108, [0x333a, [0x396, nil]]]]]]]]
[0x61b20d8c, [0x1bb6, [0x164a, [0x4df, nil]]]]
[0xc87b56dd, [0x2c25, [0x1efe, [0x3575, [0x75a, nil]]]]]
[0x61b20d8c, [0x3faa, [0x1b7c, [0x164a, [0x4df, nil]]]]]
[0x42842e0e, [0x2a47, [0x1c92, [0x1314, [0x333a, [0x462, nil]]]]]]
[0x23b872dd, [0x3b0c, [0x406a, [0x111e, [0x333a, [0x396, nil]]]]]]
[0x23b872dd, [0x16cd, [0x2674, [0x1158, [0x333a, [0x396, nil]]]]]]
[0x5136efb8, [0x37e7, [0x3dca, [0x2f0c, [0x2c96, [0x252e, [0x148e, [0x3575, [0x48b, nil]]]]]]]]]
[0x42842e0e, [0x3f6a, [0xb6b, [0x2622, [0x2381, [0x1c42, [0x1314, [0x333a, [0x462, nil]]]]]]]]]
[0x61b20d8c, [0x28d0, [0x1bb6, [0x164a, [0x4df, nil]]]]]
[0x42842e0e, [0x3b0c, [0x406a, [0x1c58, [0x1314, [0x333a, [0x462, nil]]]]]]]
[0x23b872dd, [0x39ae, [0x3f6a, [0xb6b, [0x2622, [0x2381, [0x1108, [0x333a, [0x396, nil]]]]]]]]]
[0x5136efb8, [0x419a, [0x2f52, [0x2c96, [0x252e, [0x148e, [0x3575, [0x48b, nil]]]]]]]]
[0x61b20d8c, [0x3a17, [0x3faa, [0x1b7c, [0x164a, [0x4df, nil]]]]]]
[0xb88d4fde, [0x3140, [0x3213, [0x33af, [0x6dd, nil]]]]]
[0x42842e0e, [0x2674, [0x2a47, [0x1c92, [0x1314, [0x333a, [0x462, nil]]]]]]]
[0x23b872dd, [0x3b19, [0x406a, [0x111e, [0x333a, [0x396, nil]]]]]]
[0xc87b56dd, [0x419a, [0x2c25, [0x1efe, [0x3575, [0x75a, nil]]]]]]
[0x23b872dd, [0x3eea, [0x16cd, [0x2674, [0x1158, [0x333a, [0x396, nil]]]]]]]
[0x23b872dd, [0x26b0, [0x1158, [0x333a, [0x396, nil]]]]]
[0x5136efb8, [0x37f4, [0x3dca, [0x2f0c, [0x2c96, [0x252e, [0x148e, [0x3575, [0x48b, nil]]]]]]]]]
[0x42842e0e, [0x39ae, [0x3f6a, [0xb6b, [0x2622, [0x2381, [0x1c42, [0x1314, [0x333a, [0x462, nil]]]]]]]]]]
[0x42842e0e, [0x3b19, [0x406a, [0x1c58, [0x1314, [0x333a, [0x462, nil]]]]]]]
[0x23b872dd, [0x39bb, [0x3f6a, [0xb6b, [0x2622, [0x2381, [0x1108, [0x333a, [0x396, nil]]]]]]]]]
[0x23b872dd, [0x2720, [0x1158, [0x333a, [0x396, nil]]]]]
[0x5136efb8, [0x41a5, [0x2f52, [0x2c96, [0x252e, [0x148e, [0x3575, [0x48b, nil]]]]]]]]
[0x61b20d8c, [0x3a24, [0x3faa, [0x1b7c, [0x164a, [0x4df, nil]]]]]]
[0x61b20d8c, [0x3bf1, [0x28d0, [0x1bb6, [0x164a, [0x4df, nil]]]]]]
[0x42842e0e, [0x16cd, [0x2674, [0x2a47, [0x1c92, [0x1314, [0x333a, [0x462, nil]]]]]]]]
[0x10aec4a6, [0x3b7c, [0x1180, [0xcf8, [0x35d9, [0x343, nil]]]]]]
[0x23b872dd, [0x275a, [0x1158, [0x333a, [0x396, nil]]]]]
[0xc87b56dd, [0x41a5, [0x2c25, [0x1efe, [0x3575, [0x75a, nil]]]]]]
[0x23b872dd, [0x3922, [0x3eea, [0x16cd, [0x2674, [0x1158, [0x333a, [0x396, nil]]]]]]]]
[0x32624114, [0x3b7c, [0x1180, [0x34a2, [0x3fc, nil]]]]]
[0x42842e0e, [0x39bb, [0x3f6a, [0xb6b, [0x2622, [0x2381, [0x1c42, [0x1314, [0x333a, [0x462, nil]]]]]]]]]]
[0x23b872dd, [0x3fca, [0x26b0, [0x1158, [0x333a, [0x396, nil]]]]]]
[0x61b20d8c, [0x3ae9, [0x3bf1, [0x28d0, [0x1bb6, [0x164a, [0x4df, nil]]]]]]]
[0x42842e0e, [0x3eea, [0x16cd, [0x2674, [0x2a47, [0x1c92, [0x1314, [0x333a, [0x462, nil]]]]]]]]]
[0x42842e0e, [0x26b0, [0x2a47, [0x1c92, [0x1314, [0x333a, [0x462, nil]]]]]]]
[0x23b872dd, [0x3e2a, [0x2720, [0x1158, [0x333a, [0x396, nil]]]]]]
[0x23b872dd, [0x392f, [0x3eea, [0x16cd, [0x2674, [0x1158, [0x333a, [0x396, nil]]]]]]]]
[0x10aec4a6, [0x35f4, [0x3b7c, [0x1180, [0xcf8, [0x35d9, [0x343, nil]]]]]]]
[0xc87b56dd, [0x3bb4, [0x1f08, [0x3575, [0x75a, nil]]]]]
[0x23b872dd, [0x2765, [0x1158, [0x333a, [0x396, nil]]]]]
[0x23b872dd, [0x3a3a, [0x3fca, [0x26b0, [0x1158, [0x333a, [0x396, nil]]]]]]]
[0x42842e0e, [0x2720, [0x2a47, [0x1c92, [0x1314, [0x333a, [0x462, nil]]]]]]]
[0x32624114, [0x35f4, [0x3b7c, [0x1180, [0x34a2, [0x3fc, nil]]]]]]
[0x42842e0e, [0x275a, [0x2a47, [0x1c92, [0x1314, [0x333a, [0x462, nil]]]]]]]
[0x42842e0e, [0x3922, [0x3eea, [0x16cd, [0x2674, [0x2a47, [0x1c92, [0x1314, [0x333a, [0x462, nil]]]]]]]]]]
[0x61b20d8c, [0x3af6, [0x3bf1, [0x28d0, [0x1bb6, [0x164a, [0x4df, nil]]]]]]]
[0x23b872dd, [0x3850, [0x3e2a, [0x2720, [0x1158, [0x333a, [0x396, nil]]]]]]]
[0x42842e0e, [0x3fca, [0x26b0, [0x2a47, [0x1c92, [0x1314, [0x333a, [0x462, nil]]]]]]]]
[0x10aec4a6, [0x42af, [0x35f4, [0x3b7c, [0x1180, [0xcf8, [0x35d9, [0x343, nil]]]]]]]]
[0xb88d4fde, [0x33bb, [0x6dd, nil]]]
[0x23b872dd, [0x3a47, [0x3fca, [0x26b0, [0x1158, [0x333a, [0x396, nil]]]]]]]
[0x32624114, [0x42af, [0x35f4, [0x3b7c, [0x1180, [0x34a2, [0x3fc, nil]]]]]]]
[0xc87b56dd, [0x39d1, [0x3bb4, [0x1f08, [0x3575, [0x75a, nil]]]]]]
[0x23b872dd, [0x245f, [0x2765, [0x1158, [0x333a, [0x396, nil]]]]]]
[0x42842e0e, [0x3e2a, [0x2720, [0x2a47, [0x1c92, [0x1314, [0x333a, [0x462, nil]]]]]]]]
[0x42842e0e, [0x392f, [0x3eea, [0x16cd, [0x2674, [0x2a47, [0x1c92, [0x1314, [0x333a, [0x462, nil]]]]]]]]]]
[0x42842e0e, [0x2765, [0x2a47, [0x1c92, [0x1314, [0x333a, [0x462, nil]]]]]]]
[0x23b872dd, [0x385d, [0x3e2a, [0x2720, [0x1158, [0x333a, [0x396, nil]]]]]]]
[0x42842e0e, [0x3a3a, [0x3fca, [0x26b0, [0x2a47, [0x1c92, [0x1314, [0x333a, [0x462, nil]]]]]]]]]
[0x5136efb8, [0x2ca0, [0x252e, [0x148e, [0x3575, [0x48b, nil]]]]]]
[0xc87b56dd, [0x2c47, [0x1efe, [0x3575, [0x75a, nil]]]]]
[0xb88d4fde, [0x1c42, [0x33bb, [0x6dd, nil]]]]
[0x23b872dd, [0x16cd, [0x245f, [0x2765, [0x1158, [0x333a, [0x396, nil]]]]]]]
[0xc87b56dd, [0x39de, [0x3bb4, [0x1f08, [0x3575, [0x75a, nil]]]]]]
[0x42842e0e, [0x3850, [0x3e2a, [0x2720, [0x2a47, [0x1c92, [0x1314, [0x333a, [0x462, nil]]]]]]]]]
[0x10aec4a6, [0x42ba, [0x35f4, [0x3b7c, [0x1180, [0xcf8, [0x35d9, [0x343, nil]]]]]]]]
[0x42842e0e, [0x3a47, [0x3fca, [0x26b0, [0x2a47, [0x1c92, [0x1314, [0x333a, [0x462, nil]]]]]]]]]
[0x42842e0e, [0x245f, [0x2765, [0x2a47, [0x1c92, [0x1314, [0x333a, [0x462, nil]]]]]]]]
[0x5136efb8, [0x2cf6, [0x2ca0, [0x252e, [0x148e, [0x3575, [0x48b, nil]]]]]]]
[0x32624114, [0x42ba, [0x35f4, [0x3b7c, [0x1180, [0x34a2, [0x3fc, nil]]]]]]]
[0xc87b56dd, [0x41f0, [0x2c47, [0x1efe, [0x3575, [0x75a, nil]]]]]]
[0x23b872dd, [0x3eea, [0x16cd, [0x245f, [0x2765, [0x1158, [0x333a, [0x396, nil]]]]]]]]
[0x42842e0e, [0x385d, [0x3e2a, [0x2720, [0x2a47, [0x1c92, [0x1314, [0x333a, [0x462, nil]]]]]]]]]
[0x23b872dd, [0x2770, [0x1158, [0x333a, [0x396, nil]]]]]
[0x10aec4a6, [0x444d, [0x42ba, [0x35f4, [0x3b7c, [0x1180, [0xcf8, [0x35d9, [0x343, nil]]]]]]]]]
[0xb88d4fde, [0x2381, [0x1c42, [0x33bb, [0x6dd, nil]]]]]
[0x42842e0e, [0x16cd, [0x245f, [0x2765, [0x2a47, [0x1c92, [0x1314, [0x333a, [0x462, nil]]]]]]]]]
[0x32624114, [0x444d, [0x42ba, [0x35f4, [0x3b7c, [0x1180, [0x34a2, [0x3fc, nil]]]]]]]]
[0x23b872dd, [0x3922, [0x3eea, [0x16cd, [0x245f, [0x2765, [0x1158, [0x333a, [0x396, nil]]]]]]]]]
[0xc87b56dd, [0x41fb, [0x2c47, [0x1efe, [0x3575, [0x75a, nil]]]]]]
[0x5136efb8, [0x2d1d, [0x2ca0, [0x252e, [0x148e, [0x3575, [0x48b, nil]]]]]]]
[0xb88d4fde, [0x2596, [0x2381, [0x1c42, [0x33bb, [0x6dd, nil]]]]]]
[0x61b20d8c, [0x2942, [0x1bb6, [0x164a, [0x4df, nil]]]]]
[0x23b872dd, [0x427b, [0x2770, [0x1158, [0x333a, [0x396, nil]]]]]]
[0x10aec4a6, [0x4469, [0x444d, [0x42ba, [0x35f4, [0x3b7c, [0x1180, [0xcf8, [0x35d9, [0x343, nil]]]]]]]]]]
[0x42842e0e, [0x3eea, [0x16cd, [0x245f, [0x2765, [0x2a47, [0x1c92, [0x1314, [0x333a, [0x462, nil]]]]]]]]]]
[0x23b872dd, [0x392f, [0x3eea, [0x16cd, [0x245f, [0x2765, [0x1158, [0x333a, [0x396, nil]]]]]]]]]
[0x32624114, [0x4469, [0x444d, [0x42ba, [0x35f4, [0x3b7c, [0x1180, [0x34a2, [0x3fc, nil]]]]]]]]]
[0x42842e0e, [0x2770, [0x2a47, [0x1c92, [0x1314, [0x333a, [0x462, nil]]]]]]]
[0x5136efb8, [0x2d40, [0x2ca0, [0x252e, [0x148e, [0x3575, [0x48b, nil]]]]]]]
[0x42842e0e, [0x3922, [0x3eea, [0x16cd, [0x245f, [0x2765, [0x2a47, [0x1c92, [0x1314, [0x333a, [0x462, nil]]]]]]]]]]]
[0x23b872dd, [0x4286, [0x2770, [0x1158, [0x333a, [0x396, nil]]]]]]
[0x61b20d8c, [0x3e0a, [0x2942, [0x1bb6, [0x164a, [0x4df, nil]]]]]]
[0xb88d4fde, [0x25a6, [0x2381, [0x1c42, [0x33bb, [0x6dd, nil]]]]]]
[0x5136efb8, [0x2cb2, [0x252e, [0x148e, [0x3575, [0x48b, nil]]]]]]
[0xb88d4fde, [0x25e0, [0x2381, [0x1c42, [0x33bb, [0x6dd, nil]]]]]]
[0x42842e0e, [0x427b, [0x2770, [0x2a47, [0x1c92, [0x1314, [0x333a, [0x462, nil]]]]]]]]
[0x42842e0e, [0x392f, [0x3eea, [0x16cd, [0x245f, [0x2765, [0x2a47, [0x1c92, [0x1314, [0x333a, [0x462, nil]]]]]]]]]]]
[0x61b20d8c, [0x382d, [0x3e0a, [0x2942, [0x1bb6, [0x164a, [0x4df, nil]]]]]]]
[0x5136efb8, [0x3c21, [0x2d40, [0x2ca0, [0x252e, [0x148e, [0x3575, [0x48b, nil]]]]]]]]
[0xb88d4fde, [0x3e8a, [0x25a6, [0x2381, [0x1c42, [0x33bb, [0x6dd, nil]]]]]]]
[0x42842e0e, [0x4286, [0x2770, [0x2a47, [0x1c92, [0x1314, [0x333a, [0x462, nil]]]]]]]]
[0x5136efb8, [0x3d8a, [0x2cb2, [0x252e, [0x148e, [0x3575, [0x48b, nil]]]]]]]
[0xb88d4fde, [0x16cd, [0x25e0, [0x2381, [0x1c42, [0x33bb, [0x6dd, nil]]]]]]]
[0x61b20d8c, [0x383a, [0x3e0a, [0x2942, [0x1bb6, [0x164a, [0x4df, nil]]]]]]]
[0x5136efb8, [0x35e5, [0x3c21, [0x2d40, [0x2ca0, [0x252e, [0x148e, [0x3575, [0x48b, nil]]]]]]]]]
[0x5136efb8, [0x149a, [0x3575, [0x48b, nil]]]]
[0xb88d4fde, [0x38b9, [0x3e8a, [0x25a6, [0x2381, [0x1c42, [0x33bb, [0x6dd, nil]]]]]]]]
[0x23b872dd, [0x27c0, [0x1158, [0x333a, [0x396, nil]]]]]
[0x5136efb8, [0x37a1, [0x3d8a, [0x2cb2, [0x252e, [0x148e, [0x3575, [0x48b, nil]]]]]]]]
[0xb88d4fde, [0x3eea, [0x16cd, [0x25e0, [0x2381, [0x1c42, [0x33bb, [0x6dd, nil]]]]]]]]
[0x10aec4a6, [0x1196, [0xcf8, [0x35d9, [0x343, nil]]]]]
[0xb88d4fde, [0x2622, [0x2381, [0x1c42, [0x33bb, [0x6dd, nil]]]]]]
[0x5136efb8, [0x42af, [0x35e5, [0x3c21, [0x2d40, [0x2ca0, [0x252e, [0x148e, [0x3575, [0x48b, nil]]]]]]]]]]
[0x32624114, [0x1196, [0x34a2, [0x3fc, nil]]]]
[0x5136efb8, [0x419a, [0x149a, [0x3575, [0x48b, nil]]]]]
[0xb88d4fde, [0x2660, [0x2381, [0x1c42, [0x33bb, [0x6dd, nil]]]]]]
[0xb88d4fde, [0x38c6, [0x3e8a, [0x25a6, [0x2381, [0x1c42, [0x33bb, [0x6dd, nil]]]]]]]]
[0x5136efb8, [0x37ae, [0x3d8a, [0x2cb2, [0x252e, [0x148e, [0x3575, [0x48b, nil]]]]]]]]
[0xb88d4fde, [0x3922, [0x3eea, [0x16cd, [0x25e0, [0x2381, [0x1c42, [0x33bb, [0x6dd, nil]]]]]]]]]
[0x23b872dd, [0x419a, [0x27c0, [0x1158, [0x333a, [0x396, nil]]]]]]
[0x10aec4a6, [0x3bcb, [0x1196, [0xcf8, [0x35d9, [0x343, nil]]]]]]
[0xb88d4fde, [0xb5b, [0x2622, [0x2381, [0x1c42, [0x33bb, [0x6dd, nil]]]]]]]
[0x42842e0e, [0x27c0, [0x2a47, [0x1c92, [0x1314, [0x333a, [0x462, nil]]]]]]]
[0x5136efb8, [0x41a5, [0x149a, [0x3575, [0x48b, nil]]]]]
[0x32624114, [0x3bcb, [0x1196, [0x34a2, [0x3fc, nil]]]]]
[0xb88d4fde, [0x1c58, [0x33bb, [0x6dd, nil]]]]
[0xb88d4fde, [0x392f, [0x3eea, [0x16cd, [0x25e0, [0x2381, [0x1c42, [0x33bb, [0x6dd, nil]]]]]]]]]
[0x23b872dd, [0x41a5, [0x27c0, [0x1158, [0x333a, [0x396, nil]]]]]]
[0xb88d4fde, [0x1c92, [0x33bb, [0x6dd, nil]]]]
[0x10aec4a6, [0x3738, [0x3bcb, [0x1196, [0xcf8, [0x35d9, [0x343, nil]]]]]]]
[0x32624114, [0x3738, [0x3bcb, [0x1196, [0x34a2, [0x3fc, nil]]]]]]
[0x5136efb8, [0x3c36, [0x2d40, [0x2ca0, [0x252e, [0x148e, [0x3575, [0x48b, nil]]]]]]]]
[0xb88d4fde, [0xb6b, [0x2622, [0x2381, [0x1c42, [0x33bb, [0x6dd, nil]]]]]]]
[0x42842e0e, [0x419a, [0x27c0, [0x2a47, [0x1c92, [0x1314, [0x333a, [0x462, nil]]]]]]]]
[0xb88d4fde, [0x406a, [0x1c58, [0x33bb, [0x6dd, nil]]]]]
[0x10aec4a6, [0x3745, [0x3bcb, [0x1196, [0xcf8, [0x35d9, [0x343, nil]]]]]]]
[0xb88d4fde, [0x2a47, [0x1c92, [0x33bb, [0x6dd, nil]]]]]
[0x32624114, [0x3745, [0x3bcb, [0x1196, [0x34a2, [0x3fc, nil]]]]]]
[0x42842e0e, [0x41a5, [0x27c0, [0x2a47, [0x1c92, [0x1314, [0x333a, [0x462, nil]]]]]]]]
[0x5136efb8, [0x35e5, [0x3c36, [0x2d40, [0x2ca0, [0x252e, [0x148e, [0x3575, [0x48b, nil]]]]]]]]]
[0xb88d4fde, [0x3f6a, [0xb6b, [0x2622, [0x2381, [0x1c42, [0x33bb, [0x6dd, nil]]]]]]]]
[0xb88d4fde, [0x3b0c, [0x406a, [0x1c58, [0x33bb, [0x6dd, nil]]]]]]
[0x5136efb8, [0x14ea, [0x3575, [0x48b, nil]]]]
[0xb88d4fde, [0x2674, [0x2a47, [0x1c92, [0x33bb, [0x6dd, nil]]]]]]
[0x5136efb8, [0x42af, [0x35e5, [0x3c36, [0x2d40, [0x2ca0, [0x252e, [0x148e, [0x3575, [0x48b, nil]]]]]]]]]]
[0xb88d4fde, [0x39ae, [0x3f6a, [0xb6b, [0x2622, [0x2381, [0x1c42, [0x33bb, [0x6dd, nil]]]]]]]]]
[0xb88d4fde, [0x3b19, [0x406a, [0x1c58, [0x33bb, [0x6dd, nil]]]]]]
[0x10aec4a6, [0x3bd6, [0x1196, [0xcf8, [0x35d9, [0x343, nil]]]]]]
[0xb88d4fde, [0x16cd, [0x2674, [0x2a47, [0x1c92, [0x33bb, [0x6dd, nil]]]]]]]
[0x5136efb8, [0x419a, [0x14ea, [0x3575, [0x48b, nil]]]]]
[0x32624114, [0x3bd6, [0x1196, [0x34a2, [0x3fc, nil]]]]]
[0xb88d4fde, [0x39bb, [0x3f6a, [0xb6b, [0x2622, [0x2381, [0x1c42, [0x33bb, [0x6dd, nil]]]]]]]]]
[0xb88d4fde, [0x3eea, [0x16cd, [0x2674, [0x2a47, [0x1c92, [0x33bb, [0x6dd, nil]]]]]]]]
[0xb88d4fde, [0x26b0, [0x2a47, [0x1c92, [0x33bb, [0x6dd, nil]]]]]]
[0x5136efb8, [0x41a5, [0x14ea, [0x3575, [0x48b, nil]]]]]
[0x10aec4a6, [0x3629, [0x3bd6, [0x1196, [0xcf8, [0x35d9, [0x343, nil]]]]]]]
[0x32624114, [0x3629, [0x3bd6, [0x1196, [0x34a2, [0x3fc, nil]]]]]]
[0xb88d4fde, [0x2720, [0x2a47, [0x1c92, [0x33bb, [0x6dd, nil]]]]]]
[0x42842e0e, [0x2a52, [0x1c92, [0x1314, [0x333a, [0x462, nil]]]]]]
[0xb88d4fde, [0x275a, [0x2a47, [0x1c92, [0x33bb, [0x6dd, nil]]]]]]
[0xb88d4fde, [0x3922, [0x3eea, [0x16cd, [0x2674, [0x2a47, [0x1c92, [0x33bb, [0x6dd, nil]]]]]]]]]
[0x5136efb8, [0x3c43, [0x2d40, [0x2ca0, [0x252e, [0x148e, [0x3575, [0x48b, nil]]]]]]]]
[0xb88d4fde, [0x3fca, [0x26b0, [0x2a47, [0x1c92, [0x33bb, [0x6dd, nil]]]]]]]
[0xb88d4fde, [0x3e2a, [0x2720, [0x2a47, [0x1c92, [0x33bb, [0x6dd, nil]]]]]]]
[0xb88d4fde, [0x392f, [0x3eea, [0x16cd, [0x2674, [0x2a47, [0x1c92, [0x33bb, [0x6dd, nil]]]]]]]]]
[0x42842e0e, [0x2cf6, [0x2a52, [0x1c92, [0x1314, [0x333a, [0x462, nil]]]]]]]
[0xb88d4fde, [0x2765, [0x2a47, [0x1c92, [0x33bb, [0x6dd, nil]]]]]]
[0x5136efb8, [0x3b52, [0x3c43, [0x2d40, [0x2ca0, [0x252e, [0x148e, [0x3575, [0x48b, nil]]]]]]]]]
[0xb88d4fde, [0x3a3a, [0x3fca, [0x26b0, [0x2a47, [0x1c92, [0x33bb, [0x6dd, nil]]]]]]]]
[0x10aec4a6, [0x42cd, [0x3629, [0x3bd6, [0x1196, [0xcf8, [0x35d9, [0x343, nil]]]]]]]]
[0x32624114, [0x42cd, [0x3629, [0x3bd6, [0x1196, [0x34a2, [0x3fc, nil]]]]]]]
[0x5136efb8, [0x1504, [0x3575, [0x48b, nil]]]]
[0xb88d4fde, [0x3850, [0x3e2a, [0x2720, [0x2a47, [0x1c92, [0x33bb, [0x6dd, nil]]]]]]]]
[0xb88d4fde, [0x3a47, [0x3fca, [0x26b0, [0x2a47, [0x1c92, [0x33bb, [0x6dd, nil]]]]]]]]
[0x42842e0e, [0x2d1d, [0x2a52, [0x1c92, [0x1314, [0x333a, [0x462, nil]]]]]]]
[0xb88d4fde, [0x245f, [0x2765, [0x2a47, [0x1c92, [0x33bb, [0x6dd, nil]]]]]]]
[0xb88d4fde, [0x385d, [0x3e2a, [0x2720, [0x2a47, [0x1c92, [0x33bb, [0x6dd, nil]]]]]]]]
[0x5136efb8, [0x3c50, [0x2d40, [0x2ca0, [0x252e, [0x148e, [0x3575, [0x48b, nil]]]]]]]]
[0x5136efb8, [0x4404, [0x1504, [0x3575, [0x48b, nil]]]]]
[0xb88d4fde, [0x16cd, [0x245f, [0x2765, [0x2a47, [0x1c92, [0x33bb, [0x6dd, nil]]]]]]]]
[0x42842e0e, [0x2d40, [0x2a52, [0x1c92, [0x1314, [0x333a, [0x462, nil]]]]]]]
[0x5136efb8, [0x3640, [0x3c50, [0x2d40, [0x2ca0, [0x252e, [0x148e, [0x3575, [0x48b, nil]]]]]]]]]
[0x42842e0e, [0x2a63, [0x1c92, [0x1314, [0x333a, [0x462, nil]]]]]]
[0xb88d4fde, [0x3eea, [0x16cd, [0x245f, [0x2765, [0x2a47, [0x1c92, [0x33bb, [0x6dd, nil]]]]]]]]]
[0x10aec4a6, [0x11c1, [0xcf8, [0x35d9, [0x343, nil]]]]]
[0x32624114, [0x11c1, [0x34a2, [0x3fc, nil]]]]
[0xb88d4fde, [0x2770, [0x2a47, [0x1c92, [0x33bb, [0x6dd, nil]]]]]]
[0x42842e0e, [0x3c21, [0x2d40, [0x2a52, [0x1c92, [0x1314, [0x333a, [0x462, nil]]]]]]]]
[0x5136efb8, [0x364b, [0x3c50, [0x2d40, [0x2ca0, [0x252e, [0x148e, [0x3575, [0x48b, nil]]]]]]]]]
[0xb88d4fde, [0x3922, [0x3eea, [0x16cd, [0x245f, [0x2765, [0x2a47, [0x1c92, [0x33bb, [0x6dd, nil]]]]]]]]]]
[0x42842e0e, [0x3d8a, [0x2a63, [0x1c92, [0x1314, [0x333a, [0x462, nil]]]]]]]
[0x10aec4a6, [0x3c88, [0x11c1, [0xcf8, [0x35d9, [0x343, nil]]]]]]
[0x32624114, [0x3c88, [0x11c1, [0x34a2, [0x3fc, nil]]]]]
[0x42842e0e, [0x35e5, [0x3c21, [0x2d40, [0x2a52, [0x1c92, [0x1314, [0x333a, [0x462, nil]]]]]]]]]
[0xb88d4fde, [0x427b, [0x2770, [0x2a47, [0x1c92, [0x33bb, [0x6dd, nil]]]]]]]
[0xb88d4fde, [0x392f, [0x3eea, [0x16cd, [0x245f, [0x2765, [0x2a47, [0x1c92, [0x33bb, [0x6dd, nil]]]]]]]]]]
[0x42842e0e, [0x37a1, [0x3d8a, [0x2a63, [0x1c92, [0x1314, [0x333a, [0x462, nil]]]]]]]]
[0x5136efb8, [0x3655, [0x3c50, [0x2d40, [0x2ca0, [0x252e, [0x148e, [0x3575, [0x48b, nil]]]]]]]]]
[0x10aec4a6, [0x361a, [0x3c88, [0x11c1, [0xcf8, [0x35d9, [0x343, nil]]]]]]]
[0x32624114, [0x361a, [0x3c88, [0x11c1, [0x34a2, [0x3fc, nil]]]]]]
[0x42842e0e, [0x42af, [0x35e5, [0x3c21, [0x2d40, [0x2a52, [0x1c92, [0x1314, [0x333a, [0x462, nil]]]]]]]]]]
[0xb88d4fde, [0x4286, [0x2770, [0x2a47, [0x1c92, [0x33bb, [0x6dd, nil]]]]]]]
[0x42842e0e, [0x37ae, [0x3d8a, [0x2a63, [0x1c92, [0x1314, [0x333a, [0x462, nil]]]]]]]]
[0x10aec4a6, [0x3c9d, [0x11c1, [0xcf8, [0x35d9, [0x343, nil]]]]]]
[0x32624114, [0x3c9d, [0x11c1, [0x34a2, [0x3fc, nil]]]]]
[0x42842e0e, [0x3c36, [0x2d40, [0x2a52, [0x1c92, [0x1314, [0x333a, [0x462, nil]]]]]]]]
[0x10aec4a6, [0x3b61, [0x3c9d, [0x11c1, [0xcf8, [0x35d9, [0x343, nil]]]]]]]
[0xb88d4fde, [0x27c0, [0x2a47, [0x1c92, [0x33bb, [0x6dd, nil]]]]]]
[0x5136efb8, [0x3665, [0x3c50, [0x2d40, [0x2ca0, [0x252e, [0x148e, [0x3575, [0x48b, nil]]]]]]]]]
[0x32624114, [0x3b61, [0x3c9d, [0x11c1, [0x34a2, [0x3fc, nil]]]]]]
[0x42842e0e, [0x35e5, [0x3c36, [0x2d40, [0x2a52, [0x1c92, [0x1314, [0x333a, [0x462, nil]]]]]]]]]
[0xb88d4fde, [0x419a, [0x27c0, [0x2a47, [0x1c92, [0x33bb, [0x6dd, nil]]]]]]]
[0x10aec4a6, [0x3caa, [0x11c1, [0xcf8, [0x35d9, [0x343, nil]]]]]]
[0x32624114, [0x3caa, [0x11c1, [0x34a2, [0x3fc, nil]]]]]
[0x42842e0e, [0x42af, [0x35e5, [0x3c36, [0x2d40, [0x2a52, [0x1c92, [0x1314, [0x333a, [0x462, nil]]]]]]]]]]
[0xb88d4fde, [0x41a5, [0x27c0, [0x2a47, [0x1c92, [0x33bb, [0x6dd, nil]]]]]]]
[0x10aec4a6, [0x361a, [0x3caa, [0x11c1, [0xcf8, [0x35d9, [0x343, nil]]]]]]]
[0x32624114, [0x361a, [0x3caa, [0x11c1, [0x34a2, [0x3fc, nil]]]]]]
[0x5136efb8, [0x2d8a, [0x2ca0, [0x252e, [0x148e, [0x3575, [0x48b, nil]]]]]]]
[0x42842e0e, [0x3c43, [0x2d40, [0x2a52, [0x1c92, [0x1314, [0x333a, [0x462, nil]]]]]]]]
[0x10aec4a6, [0x3cb7, [0x11c1, [0xcf8, [0x35d9, [0x343, nil]]]]]]
[0x32624114, [0x3cb7, [0x11c1, [0x34a2, [0x3fc, nil]]]]]
[0x5136efb8, [0x34f1, [0x2d8a, [0x2ca0, [0x252e, [0x148e, [0x3575, [0x48b, nil]]]]]]]]
[0x42842e0e, [0x3b52, [0x3c43, [0x2d40, [0x2a52, [0x1c92, [0x1314, [0x333a, [0x462, nil]]]]]]]]]
[0xb88d4fde, [0x2a52, [0x1c92, [0x33bb, [0x6dd, nil]]]]]
[0x10aec4a6, [0x361a, [0x3cb7, [0x11c1, [0xcf8, [0x35d9, [0x343, nil]]]]]]]
[0x32624114, [0x361a, [0x3cb7, [0x11c1, [0x34a2, [0x3fc, nil]]]]]]
[0x5136efb8, [0x31e9, [0x34f1, [0x2d8a, [0x2ca0, [0x252e, [0x148e, [0x3575, [0x48b, nil]]]]]]]]]
[0xb88d4fde, [0x2cf6, [0x2a52, [0x1c92, [0x33bb, [0x6dd, nil]]]]]]
[0x5136efb8, [0x4e43, [0x31e9, [0x34f1, [0x2d8a, [0x2ca0, [0x252e, [0x148e, [0x3575, [0x48b, nil]]]]]]]]]]
[0x42842e0e, [0x3c50, [0x2d40, [0x2a52, [0x1c92, [0x1314, [0x333a, [0x462, nil]]]]]]]]
[0xb88d4fde, [0x2d1d, [0x2a52, [0x1c92, [0x33bb, [0x6dd, nil]]]]]]
[0x42842e0e, [0x3640, [0x3c50, [0x2d40, [0x2a52, [0x1c92, [0x1314, [0x333a, [0x462, nil]]]]]]]]]
[0xb88d4fde, [0x2d40, [0x2a52, [0x1c92, [0x33bb, [0x6dd, nil]]]]]]
[0x42842e0e, [0x364b, [0x3c50, [0x2d40, [0x2a52, [0x1c92, [0x1314, [0x333a, [0x462, nil]]]]]]]]]
[0x32624114, [0x417, nil]]
[0x10aec4a6, [0xd0c, [0x35d9, [0x343, nil]]]]
[0xb88d4fde, [0x2a63, [0x1c92, [0x33bb, [0x6dd, nil]]]]]
[0xb88d4fde, [0x3c21, [0x2d40, [0x2a52, [0x1c92, [0x33bb, [0x6dd, nil]]]]]]]
[0x42842e0e, [0x3655, [0x3c50, [0x2d40, [0x2a52, [0x1c92, [0x1314, [0x333a, [0x462, nil]]]]]]]]]
[0x32624114, [0x3c6d, [0x417, nil]]]
[0x10aec4a6, [0x3f8a, [0xd0c, [0x35d9, [0x343, nil]]]]]
[0xb88d4fde, [0x3d8a, [0x2a63, [0x1c92, [0x33bb, [0x6dd, nil]]]]]]
[0xb88d4fde, [0x35e5, [0x3c21, [0x2d40, [0x2a52, [0x1c92, [0x33bb, [0x6dd, nil]]]]]]]]
[0x10aec4a6, [0xd83, [0x35d9, [0x343, nil]]]]
[0x32624114, [0x360b, [0x3c6d, [0x417, nil]]]]
[0x10aec4a6, [0xdbd, [0x35d9, [0x343, nil]]]]
[0x10aec4a6, [0x39f4, [0x3f8a, [0xd0c, [0x35d9, [0x343, nil]]]]]]
[0xb88d4fde, [0x37a1, [0x3d8a, [0x2a63, [0x1c92, [0x33bb, [0x6dd, nil]]]]]]]
[0xb88d4fde, [0x42af, [0x35e5, [0x3c21, [0x2d40, [0x2a52, [0x1c92, [0x33bb, [0x6dd, nil]]]]]]]]]
[0x10aec4a6, [0x408a, [0xd83, [0x35d9, [0x343, nil]]]]]
[0x10aec4a6, [0x3a01, [0x3f8a, [0xd0c, [0x35d9, [0x343, nil]]]]]]
[0x10aec4a6, [0x427b, [0xdbd, [0x35d9, [0x343, nil]]]]]
[0xb88d4fde, [0x37ae, [0x3d8a, [0x2a63, [0x1c92, [0x33bb, [0x6dd, nil]]]]]]]
[0x42842e0e, [0x3665, [0x3c50, [0x2d40, [0x2a52, [0x1c92, [0x1314, [0x333a, [0x462, nil]]]]]]]]]
[0x10aec4a6, [0x3b2f, [0x408a, [0xd83, [0x35d9, [0x343, nil]]]]]]
[0x10aec4a6, [0x4286, [0xdbd, [0x35d9, [0x343, nil]]]]]
[0x10aec4a6, [0x3b3c, [0x408a, [0xd83, [0x35d9, [0x343, nil]]]]]]
[0xb88d4fde, [0x3c36, [0x2d40, [0x2a52, [0x1c92, [0x33bb, [0x6dd, nil]]]]]]]
[0xb88d4fde, [0x35e5, [0x3c36, [0x2d40, [0x2a52, [0x1c92, [0x33bb, [0x6dd, nil]]]]]]]]
[0x10aec4a6, [0xdcd, [0x35d9, [0x343, nil]]]]
[0xb88d4fde, [0x42af, [0x35e5, [0x3c36, [0x2d40, [0x2a52, [0x1c92, [0x33bb, [0x6dd, nil]]]]]]]]]
[0x42842e0e, [0x2d8a, [0x2a52, [0x1c92, [0x1314, [0x333a, [0x462, nil]]]]]]]
[0x10aec4a6, [0x427b, [0xdcd, [0x35d9, [0x343, nil]]]]]
[0x42842e0e, [0x34f1, [0x2d8a, [0x2a52, [0x1c92, [0x1314, [0x333a, [0x462, nil]]]]]]]]
[0x10aec4a6, [0x4286, [0xdcd, [0x35d9, [0x343, nil]]]]]
[0xb88d4fde, [0x3c43, [0x2d40, [0x2a52, [0x1c92, [0x33bb, [0x6dd, nil]]]]]]]
[0x42842e0e, [0x31e9, [0x34f1, [0x2d8a, [0x2a52, [0x1c92, [0x1314, [0x333a, [0x462, nil]]]]]]]]]
[0xb88d4fde, [0x3b52, [0x3c43, [0x2d40, [0x2a52, [0x1c92, [0x33bb, [0x6dd, nil]]]]]]]]
[0x42842e0e, [0x4e43, [0x31e9, [0x34f1, [0x2d8a, [0x2a52, [0x1c92, [0x1314, [0x333a, [0x462, nil]]]]]]]]]]
[0x10aec4a6, [0xdda, [0x35d9, [0x343, nil]]]]
[0xb88d4fde, [0x3c50, [0x2d40, [0x2a52, [0x1c92, [0x33bb, [0x6dd, nil]]]]]]]
[0x10aec4a6, [0x419a, [0xdda, [0x35d9, [0x343, nil]]]]]
[0xb88d4fde, [0x3640, [0x3c50, [0x2d40, [0x2a52, [0x1c92, [0x33bb, [0x6dd, nil]]]]]]]]
[0x10aec4a6, [0x41a5, [0xdda, [0x35d9, [0x343, nil]]]]]
[0xb88d4fde, [0x364b, [0x3c50, [0x2d40, [0x2a52, [0x1c92, [0x33bb, [0x6dd, nil]]]]]]]]
[0xb88d4fde, [0x3655, [0x3c50, [0x2d40, [0x2a52, [0x1c92, [0x33bb, [0x6dd, nil]]]]]]]]
[0x10aec4a6, [0xdef, [0x35d9, [0x343, nil]]]]
[0x10aec4a6, [0x3e6a, [0xdef, [0x35d9, [0x343, nil]]]]]
[0x10aec4a6, [0xe66, [0x35d9, [0x343, nil]]]]
[0x10aec4a6, [0xfa0, [0x35d9, [0x343, nil]]]]
[0x10aec4a6, [0x3896, [0x3e6a, [0xdef, [0x35d9, [0x343, nil]]]]]]
[0xb88d4fde, [0x3665, [0x3c50, [0x2d40, [0x2a52, [0x1c92, [0x33bb, [0x6dd, nil]]]]]]]]
[0x10aec4a6, [0x419a, [0xe66, [0x35d9, [0x343, nil]]]]]
[0x10aec4a6, [0x38a3, [0x3e6a, [0xdef, [0x35d9, [0x343, nil]]]]]]
[0x10aec4a6, [0x4221, [0xfa0, [0x35d9, [0x343, nil]]]]]
[0x10aec4a6, [0x41a5, [0xe66, [0x35d9, [0x343, nil]]]]]
[0x10aec4a6, [0x422c, [0xfa0, [0x35d9, [0x343, nil]]]]]
[0xb88d4fde, [0x2d8a, [0x2a52, [0x1c92, [0x33bb, [0x6dd, nil]]]]]]
[0x10aec4a6, [0xeba, [0x35d9, [0x343, nil]]]]
[0x10aec4a6, [0xef4, [0x35d9, [0x343, nil]]]]
[0x10aec4a6, [0xfbc, [0x35d9, [0x343, nil]]]]
[0xb88d4fde, [0x34f1, [0x2d8a, [0x2a52, [0x1c92, [0x33bb, [0x6dd, nil]]]]]]]
[0x10aec4a6, [0x3d2a, [0xeba, [0x35d9, [0x343, nil]]]]]
[0x10aec4a6, [0x4221, [0xef4, [0x35d9, [0x343, nil]]]]]
[0x10aec4a6, [0x3f4a, [0xfbc, [0x35d9, [0x343, nil]]]]]
[0xb88d4fde, [0x31e9, [0x34f1, [0x2d8a, [0x2a52, [0x1c92, [0x33bb, [0x6dd, nil]]]]]]]]
[0x10aec4a6, [0x1003, [0x35d9, [0x343, nil]]]]
[0x10aec4a6, [0x3715, [0x3d2a, [0xeba, [0x35d9, [0x343, nil]]]]]]
[0x10aec4a6, [0x398b, [0x3f4a, [0xfbc, [0x35d9, [0x343, nil]]]]]]
[0xb88d4fde, [0x4e43, [0x31e9, [0x34f1, [0x2d8a, [0x2a52, [0x1c92, [0x33bb, [0x6dd, nil]]]]]]]]]
[0x10aec4a6, [0x422c, [0xef4, [0x35d9, [0x343, nil]]]]]
[0x10aec4a6, [0x3722, [0x3d2a, [0xeba, [0x35d9, [0x343, nil]]]]]]
[0x10aec4a6, [0x2518, [0x1003, [0x35d9, [0x343, nil]]]]]
[0x10aec4a6, [0x3998, [0x3f4a, [0xfbc, [0x35d9, [0x343, nil]]]]]]
[0x10aec4a6, [0x419a, [0x2518, [0x1003, [0x35d9, [0x343, nil]]]]]]
[0x10aec4a6, [0x41a5, [0x2518, [0x1003, [0x35d9, [0x343, nil]]]]]]
[0x10aec4a6, [0xf0f, [0x35d9, [0x343, nil]]]]
[0x10aec4a6, [0xf49, [0x35d9, [0x343, nil]]]]
[0x10aec4a6, [0x3f0a, [0xf0f, [0x35d9, [0x343, nil]]]]]
[0x10aec4a6, [0x419a, [0xf49, [0x35d9, [0x343, nil]]]]]
[0x10aec4a6, [0x3945, [0x3f0a, [0xf0f, [0x35d9, [0x343, nil]]]]]]
[0x10aec4a6, [0x41a5, [0xf49, [0x35d9, [0x343, nil]]]]]
[0x10aec4a6, [0x100c, [0x35d9, [0x343, nil]]]]
[0x10aec4a6, [0x3952, [0x3f0a, [0xf0f, [0x35d9, [0x343, nil]]]]]]
[0x10aec4a6, [0x252e, [0x100c, [0x35d9, [0x343, nil]]]]]
[0x10aec4a6, [0x2c96, [0x252e, [0x100c, [0x35d9, [0x343, nil]]]]]]
[0x10aec4a6, [0xf61, [0x35d9, [0x343, nil]]]]
[0x10aec4a6, [0x2efd, [0x2c96, [0x252e, [0x100c, [0x35d9, [0x343, nil]]]]]]]
[0x10aec4a6, [0x2ec3, [0x2c96, [0x252e, [0x100c, [0x35d9, [0x343, nil]]]]]]]
[0x10aec4a6, [0x3d4a, [0xf61, [0x35d9, [0x343, nil]]]]]
[0x10aec4a6, [0x3f2a, [0x2ec3, [0x2c96, [0x252e, [0x100c, [0x35d9, [0x343, nil]]]]]]]]
[0x10aec4a6, [0x375b, [0x3d4a, [0xf61, [0x35d9, [0x343, nil]]]]]]
[0x10aec4a6, [0x2f0c, [0x2c96, [0x252e, [0x100c, [0x35d9, [0x343, nil]]]]]]]
[0x10aec4a6, [0x2f46, [0x2c96, [0x252e, [0x100c, [0x35d9, [0x343, nil]]]]]]]
[0x10aec4a6, [0x3968, [0x3f2a, [0x2ec3, [0x2c96, [0x252e, [0x100c, [0x35d9, [0x343, nil]]]]]]]]]
[0x10aec4a6, [0x3768, [0x3d4a, [0xf61, [0x35d9, [0x343, nil]]]]]]
[0x10aec4a6, [0x3dca, [0x2f0c, [0x2c96, [0x252e, [0x100c, [0x35d9, [0x343, nil]]]]]]]]
[0x10aec4a6, [0x3975, [0x3f2a, [0x2ec3, [0x2c96, [0x252e, [0x100c, [0x35d9, [0x343, nil]]]]]]]]]
[0x10aec4a6, [0x2f52, [0x2c96, [0x252e, [0x100c, [0x35d9, [0x343, nil]]]]]]]
[0x10aec4a6, [0x37e7, [0x3dca, [0x2f0c, [0x2c96, [0x252e, [0x100c, [0x35d9, [0x343, nil]]]]]]]]]
[0x10aec4a6, [0x419a, [0x2f52, [0x2c96, [0x252e, [0x100c, [0x35d9, [0x343, nil]]]]]]]]
[0x10aec4a6, [0x37f4, [0x3dca, [0x2f0c, [0x2c96, [0x252e, [0x100c, [0x35d9, [0x343, nil]]]]]]]]]
[0x10aec4a6, [0x41a5, [0x2f52, [0x2c96, [0x252e, [0x100c, [0x35d9, [0x343, nil]]]]]]]]
[0x10aec4a6, [0x2ca0, [0x252e, [0x100c, [0x35d9, [0x343, nil]]]]]]
[0x10aec4a6, [0x2cf6, [0x2ca0, [0x252e, [0x100c, [0x35d9, [0x343, nil]]]]]]]
[0x10aec4a6, [0x2d1d, [0x2ca0, [0x252e, [0x100c, [0x35d9, [0x343, nil]]]]]]]
[0x10aec4a6, [0x2d40, [0x2ca0, [0x252e, [0x100c, [0x35d9, [0x343, nil]]]]]]]
[0x10aec4a6, [0x2cb2, [0x252e, [0x100c, [0x35d9, [0x343, nil]]]]]]
[0x10aec4a6, [0x3c21, [0x2d40, [0x2ca0, [0x252e, [0x100c, [0x35d9, [0x343, nil]]]]]]]]
[0x10aec4a6, [0x3d8a, [0x2cb2, [0x252e, [0x100c, [0x35d9, [0x343, nil]]]]]]]
[0x10aec4a6, [0x35e5, [0x3c21, [0x2d40, [0x2ca0, [0x252e, [0x100c, [0x35d9, [0x343, nil]]]]]]]]]
[0x10aec4a6, [0x1018, [0x35d9, [0x343, nil]]]]
[0x10aec4a6, [0x37a1, [0x3d8a, [0x2cb2, [0x252e, [0x100c, [0x35d9, [0x343, nil]]]]]]]]
[0x10aec4a6, [0x42af, [0x35e5, [0x3c21, [0x2d40, [0x2ca0, [0x252e, [0x100c, [0x35d9, [0x343, nil]]]]]]]]]]
[0x10aec4a6, [0x419a, [0x1018, [0x35d9, [0x343, nil]]]]]
[0x10aec4a6, [0x37ae, [0x3d8a, [0x2cb2, [0x252e, [0x100c, [0x35d9, [0x343, nil]]]]]]]]
[0x10aec4a6, [0x41a5, [0x1018, [0x35d9, [0x343, nil]]]]]
[0x10aec4a6, [0x3c36, [0x2d40, [0x2ca0, [0x252e, [0x100c, [0x35d9, [0x343, nil]]]]]]]]
[0x10aec4a6, [0x35e5, [0x3c36, [0x2d40, [0x2ca0, [0x252e, [0x100c, [0x35d9, [0x343, nil]]]]]]]]]
[0x10aec4a6, [0x1068, [0x35d9, [0x343, nil]]]]
[0x10aec4a6, [0x42af, [0x35e5, [0x3c36, [0x2d40, [0x2ca0, [0x252e, [0x100c, [0x35d9, [0x343, nil]]]]]]]]]]
[0x10aec4a6, [0x419a, [0x1068, [0x35d9, [0x343, nil]]]]]
[0x10aec4a6, [0x41a5, [0x1068, [0x35d9, [0x343, nil]]]]]
[0x10aec4a6, [0x3c43, [0x2d40, [0x2ca0, [0x252e, [0x100c, [0x35d9, [0x343, nil]]]]]]]]
[0x10aec4a6, [0x3b52, [0x3c43, [0x2d40, [0x2ca0, [0x252e, [0x100c, [0x35d9, [0x343, nil]]]]]]]]]
[0x10aec4a6, [0x3c50, [0x2d40, [0x2ca0, [0x252e, [0x100c, [0x35d9, [0x343, nil]]]]]]]]
[0x10aec4a6, [0x10c6, [0x35d9, [0x343, nil]]]]
[0x10aec4a6, [0x10e0, [0x35d9, [0x343, nil]]]]
[0x10aec4a6, [0x3640, [0x3c50, [0x2d40, [0x2ca0, [0x252e, [0x100c, [0x35d9, [0x343, nil]]]]]]]]]
[0x10aec4a6, [0x419a, [0x10c6, [0x35d9, [0x343, nil]]]]]
[0x10aec4a6, [0x4404, [0x10e0, [0x35d9, [0x343, nil]]]]]
[0x10aec4a6, [0x364b, [0x3c50, [0x2d40, [0x2ca0, [0x252e, [0x100c, [0x35d9, [0x343, nil]]]]]]]]]
[0x10aec4a6, [0x41a5, [0x10c6, [0x35d9, [0x343, nil]]]]]
[0x10aec4a6, [0x3655, [0x3c50, [0x2d40, [0x2ca0, [0x252e, [0x100c, [0x35d9, [0x343, nil]]]]]]]]]
[0x10aec4a6, [0x3665, [0x3c50, [0x2d40, [0x2ca0, [0x252e, [0x100c, [0x35d9, [0x343, nil]]]]]]]]]
[0x10aec4a6, [0x2d8a, [0x2ca0, [0x252e, [0x100c, [0x35d9, [0x343, nil]]]]]]]
[0x10aec4a6, [0x34f1, [0x2d8a, [0x2ca0, [0x252e, [0x100c, [0x35d9, [0x343, nil]]]]]]]]
[0x10aec4a6, [0x31e9, [0x34f1, [0x2d8a, [0x2ca0, [0x252e, [0x100c, [0x35d9, [0x343, nil]]]]]]]]]
[0x10aec4a6, [0x4e43, [0x31e9, [0x34f1, [0x2d8a, [0x2ca0, [0x252e, [0x100c, [0x35d9, [0x343, nil]]]]]]]]]]
[0xeeeeeeee, nil]
[0x5136efb8, [0x2d7c, [0x2ca0, [0x252e, [0x148e, [0x3575, [0x48b, nil]]]]]]]
[0x5136efb8, [0x2dee, [0x2d7c, [0x2ca0, [0x252e, [0x148e, [0x3575, [0x48b, nil]]]]]]]]
[0x5136efb8, [0x3d8a, [0x2dee, [0x2d7c, [0x2ca0, [0x252e, [0x148e, [0x3575, [0x48b, nil]]]]]]]]]
[0x5136efb8, [0x37a1, [0x3d8a, [0x2dee, [0x2d7c, [0x2ca0, [0x252e, [0x148e, [0x3575, [0x48b, nil]]]]]]]]]]
[0x5136efb8, [0x37ae, [0x3d8a, [0x2dee, [0x2d7c, [0x2ca0, [0x252e, [0x148e, [0x3575, [0x48b, nil]]]]]]]]]]
[0x5136efb8, [0x2daa, [0x2ca0, [0x252e, [0x148e, [0x3575, [0x48b, nil]]]]]]]
[0x5136efb8, [0x2dee, [0x2daa, [0x2ca0, [0x252e, [0x148e, [0x3575, [0x48b, nil]]]]]]]]
[0x5136efb8, [0x3d8a, [0x2dee, [0x2daa, [0x2ca0, [0x252e, [0x148e, [0x3575, [0x48b, nil]]]]]]]]]
[0x5136efb8, [0x37a1, [0x3d8a, [0x2dee, [0x2daa, [0x2ca0, [0x252e, [0x148e, [0x3575, [0x48b, nil]]]]]]]]]]
[0x5136efb8, [0x37ae, [0x3d8a, [0x2dee, [0x2daa, [0x2ca0, [0x252e, [0x148e, [0x3575, [0x48b, nil]]]]]]]]]]
[0x42842e0e, [0x2d7c, [0x2a52, [0x1c92, [0x1314, [0x333a, [0x462, nil]]]]]]]
[0x42842e0e, [0x2dee, [0x2d7c, [0x2a52, [0x1c92, [0x1314, [0x333a, [0x462, nil]]]]]]]]
[0x42842e0e, [0x3d8a, [0x2dee, [0x2d7c, [0x2a52, [0x1c92, [0x1314, [0x333a, [0x462, nil]]]]]]]]]
[0x42842e0e, [0x37a1, [0x3d8a, [0x2dee, [0x2d7c, [0x2a52, [0x1c92, [0x1314, [0x333a, [0x462, nil]]]]]]]]]]
[0x42842e0e, [0x37ae, [0x3d8a, [0x2dee, [0x2d7c, [0x2a52, [0x1c92, [0x1314, [0x333a, [0x462, nil]]]]]]]]]]
[0x42842e0e, [0x2daa, [0x2a52, [0x1c92, [0x1314, [0x333a, [0x462, nil]]]]]]]
[0x42842e0e, [0x2dee, [0x2daa, [0x2a52, [0x1c92, [0x1314, [0x333a, [0x462, nil]]]]]]]]
[0x42842e0e, [0x3d8a, [0x2dee, [0x2daa, [0x2a52, [0x1c92, [0x1314, [0x333a, [0x462, nil]]]]]]]]]
[0x42842e0e, [0x37a1, [0x3d8a, [0x2dee, [0x2daa, [0x2a52, [0x1c92, [0x1314, [0x333a, [0x462, nil]]]]]]]]]]
[0x42842e0e, [0x37ae, [0x3d8a, [0x2dee, [0x2daa, [0x2a52, [0x1c92, [0x1314, [0x333a, [0x462, nil]]]]]]]]]]
[0xb88d4fde, [0x2d7c, [0x2a52, [0x1c92, [0x33bb, [0x6dd, nil]]]]]]
[0xb88d4fde, [0x2dee, [0x2d7c, [0x2a52, [0x1c92, [0x33bb, [0x6dd, nil]]]]]]]
[0xb88d4fde, [0x3d8a, [0x2dee, [0x2d7c, [0x2a52, [0x1c92, [0x33bb, [0x6dd, nil]]]]]]]]
[0xb88d4fde, [0x37a1, [0x3d8a, [0x2dee, [0x2d7c, [0x2a52, [0x1c92, [0x33bb, [0x6dd, nil]]]]]]]]]
[0xb88d4fde, [0x37ae, [0x3d8a, [0x2dee, [0x2d7c, [0x2a52, [0x1c92, [0x33bb, [0x6dd, nil]]]]]]]]]
[0xb88d4fde, [0x2daa, [0x2a52, [0x1c92, [0x33bb, [0x6dd, nil]]]]]]
[0xb88d4fde, [0x2dee, [0x2daa, [0x2a52, [0x1c92, [0x33bb, [0x6dd, nil]]]]]]]
[0xb88d4fde, [0x3d8a, [0x2dee, [0x2daa, [0x2a52, [0x1c92, [0x33bb, [0x6dd, nil]]]]]]]]
[0xb88d4fde, [0x37a1, [0x3d8a, [0x2dee, [0x2daa, [0x2a52, [0x1c92, [0x33bb, [0x6dd, nil]]]]]]]]]
[0xb88d4fde, [0x37ae, [0x3d8a, [0x2dee, [0x2daa, [0x2a52, [0x1c92, [0x33bb, [0x6dd, nil]]]]]]]]]
[0x10aec4a6, [0x2d7c, [0x2ca0, [0x252e, [0x100c, [0x35d9, [0x343, nil]]]]]]]
[0x10aec4a6, [0x2dee, [0x2d7c, [0x2ca0, [0x252e, [0x100c, [0x35d9, [0x343, nil]]]]]]]]
[0x10aec4a6, [0x3d8a, [0x2dee, [0x2d7c, [0x2ca0, [0x252e, [0x100c, [0x35d9, [0x343, nil]]]]]]]]]
[0x10aec4a6, [0x37a1, [0x3d8a, [0x2dee, [0x2d7c, [0x2ca0, [0x252e, [0x100c, [0x35d9, [0x343, nil]]]]]]]]]]
[0x10aec4a6, [0x37ae, [0x3d8a, [0x2dee, [0x2d7c, [0x2ca0, [0x252e, [0x100c, [0x35d9, [0x343, nil]]]]]]]]]]
[0x10aec4a6, [0x2daa, [0x2ca0, [0x252e, [0x100c, [0x35d9, [0x343, nil]]]]]]]
[0x10aec4a6, [0x2dee, [0x2daa, [0x2ca0, [0x252e, [0x100c, [0x35d9, [0x343, nil]]]]]]]]
[0x10aec4a6, [0x3d8a, [0x2dee, [0x2daa, [0x2ca0, [0x252e, [0x100c, [0x35d9, [0x343, nil]]]]]]]]]
[0x10aec4a6, [0x37a1, [0x3d8a, [0x2dee, [0x2daa, [0x2ca0, [0x252e, [0x100c, [0x35d9, [0x343, nil]]]]]]]]]]
[0x10aec4a6, [0x37ae, [0x3d8a, [0x2dee, [0x2daa, [0x2ca0, [0x252e, [0x100c, [0x35d9, [0x343, nil]]]]]]]]]]
