0x1edfV0x5eb
0x1f60_0x2V0x5eb
