0x119	$ConstantIndex(0x1)
0x274	$ConstantIndex(0x1)
0x3ed	$ConstantIndex(0x1)
0x343V0xaa	$ConstantIndex(0x1)
0x346V0xaa	$ConstantIndex(0x1)
0x377V0xaa	$ConstantIndex(0x1)
0x37aV0xaa	$ConstantIndex(0x1)
0x3bdV0xaa	$ConstantIndex(0x1)
0x414V0x205	$ConstantIndex(0x1)
0x418V0x205	$ConstantIndex(0x1)
0x41bV0x205	$ConstantIndex(0x1)
0x44cV0x205	$ConstantIndex(0x1)
0x44fV0x205	$ConstantIndex(0x1)
0x492V0x205	$ConstantIndex(0x1)
0xb8	$ConstantIndex(0x20)
0xbd	$ConstantIndex(0x20)
0xc6	$ConstantIndex(0x20)
0xce	$ConstantIndex(0x20)
0xe2	$ConstantIndex(0x20)
0xeb	$ConstantIndex(0x20)
0xf1	$ConstantIndex(0x20)
0xf7	$ConstantIndex(0x20)
0x11c	$ConstantIndex(0x20)
0x128	$ConstantIndex(0x20)
0x153	$ConstantIndex(0x20)
0x15e	$ConstantIndex(0x20)
0x17f	$ConstantIndex(0x20)
0x18a	$ConstantIndex(0x20)
0x1a5	$ConstantIndex(0x20)
0x1b0	$ConstantIndex(0x20)
0x1db	$ConstantIndex(0x20)
0x1ef	$ConstantIndex(0x20)
0x1fa	$ConstantIndex(0x20)
0x213	$ConstantIndex(0x20)
0x218	$ConstantIndex(0x20)
0x221	$ConstantIndex(0x20)
0x229	$ConstantIndex(0x20)
0x23d	$ConstantIndex(0x20)
0x246	$ConstantIndex(0x20)
0x24c	$ConstantIndex(0x20)
0x252	$ConstantIndex(0x20)
0x277	$ConstantIndex(0x20)
0x283	$ConstantIndex(0x20)
0x2be	$ConstantIndex(0x20)
0x2c7	$ConstantIndex(0x20)
0x2fd	$ConstantIndex(0x20)
0x31c	$ConstantIndex(0x20)
0x330	$ConstantIndex(0x20)
0x33b	$ConstantIndex(0x20)
0x3fe	$ConstantIndex(0x20)
0x62e	$ConstantIndex(0x20)
0x63a	$ConstantIndex(0x20)
0x3a1V0xaa	$ConstantIndex(0x20)
0x358V0xaa	$ConstantIndex(0x20)
0x35eV0xaa	$ConstantIndex(0x20)
0x371V0xaa	$ConstantIndex(0x20)
0x3b1V0xaa	$ConstantIndex(0x20)
0x3c1V0xaa	$ConstantIndex(0x20)
0x476V0x205	$ConstantIndex(0x20)
0x42dV0x205	$ConstantIndex(0x20)
0x433V0x205	$ConstantIndex(0x20)
0x446V0x205	$ConstantIndex(0x20)
0x486V0x205	$ConstantIndex(0x20)
0x496V0x205	$ConstantIndex(0x20)
0x4e6V0x29e	$ConstantIndex(0x20)
0x4e8V0x29e	$ConstantIndex(0x20)
0x4ecV0x29e	$ConstantIndex(0x20)
0x532V0x29e	$ConstantIndex(0x20)
0x534V0x29e	$ConstantIndex(0x20)
0x538V0x29e	$ConstantIndex(0x20)
0x573V0x29e	$ConstantIndex(0x20)
0x575V0x29e	$ConstantIndex(0x20)
0x579V0x29e	$ConstantIndex(0x20)
0x5c1V0x29e	$ConstantIndex(0x20)
0x5c3V0x29e	$ConstantIndex(0x20)
0x5c7V0x29e	$ConstantIndex(0x20)
0x60eV0x29e	$ConstantIndex(0x20)
0x610V0x29e	$ConstantIndex(0x20)
0x614V0x29e	$ConstantIndex(0x20)
0xb	$ConstantIndex(0x0)
0x99	$ConstantIndex(0x0)
0x9b	$ConstantIndex(0x0)
0xd5	$ConstantIndex(0x0)
0x230	$ConstantIndex(0x0)
0x3e5	$ConstantIndex(0x0)
0x402	$ConstantIndex(0x0)
0x407	$ConstantIndex(0x0)
0x40a	$ConstantIndex(0x0)
0x632	$ConstantIndex(0x0)
0x637	$ConstantIndex(0x0)
0x63e	$ConstantIndex(0x0)
0x643	$ConstantIndex(0x0)
0x646	$ConstantIndex(0x0)
0x33fV0xaa	$ConstantIndex(0x0)
0x3aeV0xaa	$ConstantIndex(0x0)
0x3b3V0xaa	$ConstantIndex(0x0)
0x483V0x205	$ConstantIndex(0x0)
0x488V0x205	$ConstantIndex(0x0)
0x4f9V0x29e	$ConstantIndex(0x0)
0x4fbV0x29e	$ConstantIndex(0x0)
0x587V0x29e	$ConstantIndex(0x0)
0x589V0x29e	$ConstantIndex(0x0)
0x4b5V0x29e	$ConstantIndex(0x0)
0x4efV0x29e	$ConstantIndex(0x0)
0x501V0x29e	$ConstantIndex(0x0)
0x53bV0x29e	$ConstantIndex(0x0)
0x542V0x29e	$ConstantIndex(0x0)
0x57cV0x29e	$ConstantIndex(0x0)
0x590V0x29e	$ConstantIndex(0x0)
0x5caV0x29e	$ConstantIndex(0x0)
0x5cdV0x29e	$ConstantIndex(0x0)
0x5ddV0x29e	$ConstantIndex(0x0)
0x617V0x29e	$ConstantIndex(0x0)
0x61aV0x29e	$ConstantIndex(0x0)
0x2	$ConstantIndex(0x40)
0xb3	$ConstantIndex(0x40)
0x133	$ConstantIndex(0x40)
0x14c	$ConstantIndex(0x40)
0x159	$ConstantIndex(0x40)
0x172	$ConstantIndex(0x40)
0x185	$ConstantIndex(0x40)
0x19e	$ConstantIndex(0x40)
0x1ab	$ConstantIndex(0x40)
0x1e8	$ConstantIndex(0x40)
0x1f5	$ConstantIndex(0x40)
0x20e	$ConstantIndex(0x40)
0x28e	$ConstantIndex(0x40)
0x329	$ConstantIndex(0x40)
0x336	$ConstantIndex(0x40)
0x405	$ConstantIndex(0x40)
0x635	$ConstantIndex(0x40)
0x641	$ConstantIndex(0x40)
0x361V0xaa	$ConstantIndex(0x40)
0x367V0xaa	$ConstantIndex(0x40)
0x436V0x205	$ConstantIndex(0x40)
0x43cV0x205	$ConstantIndex(0x40)
0x4eeV0x29e	$ConstantIndex(0x40)
0x53aV0x29e	$ConstantIndex(0x40)
0x57bV0x29e	$ConstantIndex(0x40)
0x5c9V0x29e	$ConstantIndex(0x40)
0x616V0x29e	$ConstantIndex(0x40)
0x1bf	$ConstantIndex(0x4)
0x2a2	$ConstantIndex(0x4)
0x2e1	$ConstantIndex(0x4)
0x3dd	$ConstantIndex(0x4)
0x2e	$ConstantIndex(0xffffffff)
0x0	$ConstantIndex(0x60)
0x10b	$ConstantIndex(0x1f)
0x266	$ConstantIndex(0x1f)
0x355V0xaa	$ConstantIndex(0x1f)
0x38fV0xaa	$ConstantIndex(0x1f)
0x3ceV0xaa	$ConstantIndex(0x1f)
0x42aV0x205	$ConstantIndex(0x1f)
0x464V0x205	$ConstantIndex(0x1f)
0x4a3V0x205	$ConstantIndex(0x1f)
0x3e3	$ConstantIndex(0x2)
0x350V0xaa	$ConstantIndex(0x2)
0x384V0xaa	$ConstantIndex(0x2)
0x425V0x205	$ConstantIndex(0x2)
0x459V0x205	$ConstantIndex(0x2)
0x3fc	$ConstantIndex(0x5)
0x4b3V0x29e	$ConstantIndex(0x5)
0x4ffV0x29e	$ConstantIndex(0x5)
0x540V0x29e	$ConstantIndex(0x5)
0x58eV0x29e	$ConstantIndex(0x5)
0x5dbV0x29e	$ConstantIndex(0x5)
0x62c	$ConstantIndex(0x6)
0x11f	$ConstantIndex(0x100)
0x27a	$ConstantIndex(0x100)
0x3ea	$ConstantIndex(0x100)
0x396V0xaa	$ConstantIndex(0x100)
0x34aV0xaa	$ConstantIndex(0x100)
0x37eV0xaa	$ConstantIndex(0x100)
0x46bV0x205	$ConstantIndex(0x100)
0x41fV0x205	$ConstantIndex(0x100)
0x453V0x205	$ConstantIndex(0x100)
0x40	$ConstantIndex(0x18160ddd)
0x7	$ConstantIndex(0x8c)
0xe	$ConstantIndex(0x100000000000000000000000000000000000000000000000000000000)
0x35	$ConstantIndex(0x6fdde03)
0x4b	$ConstantIndex(0x313ce567)
0x56	$ConstantIndex(0x378dc3dc)
0x61	$ConstantIndex(0x70a08231)
0x6c	$ConstantIndex(0x95d89b41)
0x77	$ConstantIndex(0xa9059cbb)
0x82	$ConstantIndex(0xdd62ed3e)
0x8f	$ConstantIndex(0x94)
0x95	$ConstantIndex(0xa0)
0xa5	$ConstantIndex(0xaa)
0xab	$ConstantIndex(0xb2)
0xae	$ConstantIndex(0x33e)
0xd9	$ConstantIndex(0x101)
0xe7	$ConstantIndex(0x101)
0xfd	$ConstantIndex(0xdd)
0x110	$ConstantIndex(0x12d)
0x1716	$ConstantIndex(0x12d)
0x13e	$ConstantIndex(0x143)
0x144	$ConstantIndex(0x14b)
0x147	$ConstantIndex(0x3dc)
0x164	$ConstantIndex(0x169)
0x16a	$ConstantIndex(0x171)
0x16d	$ConstantIndex(0x3e2)
0x177	$ConstantIndex(0xff)
0x17a	$ConstantIndex(0xff)
0x3f0	$ConstantIndex(0xff)
0x190	$ConstantIndex(0x195)
0x196	$ConstantIndex(0x19d)
0x199	$ConstantIndex(0x3f5)
0x1b6	$ConstantIndex(0x1bb)
0x1bc	$ConstantIndex(0x1e7)
0x1c4	$ConstantIndex(0xffffffffffffffffffffffffffffffffffffffff)
0x2a7	$ConstantIndex(0xffffffffffffffffffffffffffffffffffffffff)
0x2e6	$ConstantIndex(0xffffffffffffffffffffffffffffffffffffffff)
0x305	$ConstantIndex(0xffffffffffffffffffffffffffffffffffffffff)
0x4b8V0x29e	$ConstantIndex(0xffffffffffffffffffffffffffffffffffffffff)
0x4ceV0x29e	$ConstantIndex(0xffffffffffffffffffffffffffffffffffffffff)
0x504V0x29e	$ConstantIndex(0xffffffffffffffffffffffffffffffffffffffff)
0x51aV0x29e	$ConstantIndex(0xffffffffffffffffffffffffffffffffffffffff)
0x545V0x29e	$ConstantIndex(0xffffffffffffffffffffffffffffffffffffffff)
0x55bV0x29e	$ConstantIndex(0xffffffffffffffffffffffffffffffffffffffff)
0x593V0x29e	$ConstantIndex(0xffffffffffffffffffffffffffffffffffffffff)
0x5a9V0x29e	$ConstantIndex(0xffffffffffffffffffffffffffffffffffffffff)
0x5e0V0x29e	$ConstantIndex(0xffffffffffffffffffffffffffffffffffffffff)
0x5f6V0x29e	$ConstantIndex(0xffffffffffffffffffffffffffffffffffffffff)
0x1dd	$ConstantIndex(0x24)
0x2c0	$ConstantIndex(0x24)
0x2ff	$ConstantIndex(0x24)
0x1e3	$ConstantIndex(0x3fb)
0x200	$ConstantIndex(0x205)
0x206	$ConstantIndex(0x20d)
0x209	$ConstantIndex(0x413)
0x234	$ConstantIndex(0x25c)
0x242	$ConstantIndex(0x25c)
0x258	$ConstantIndex(0x238)
0x26b	$ConstantIndex(0x288)
0x2116	$ConstantIndex(0x288)
0x299	$ConstantIndex(0x29e)
0x29f	$ConstantIndex(0x2d3)
0x2c9	$ConstantIndex(0x44)
0x31e	$ConstantIndex(0x44)
0x2cf	$ConstantIndex(0x4b1)
0x2d8	$ConstantIndex(0x2dd)
0x2de	$ConstantIndex(0x328)
0x324	$ConstantIndex(0x62b)
0x3f6	$ConstantIndex(0x3)
0xd16	$ConstantIndex(0x98)
0x14ecc	$ConstantIndex(0x19ecc)
0x158cc	$ConstantIndex(0x1a8cc)
0x162cc	$ConstantIndex(0x1b2cc)
0x16ccc	$ConstantIndex(0x1bccc)
0x176cc	$ConstantIndex(0x1c6cc)
0x180cc	$ConstantIndex(0x1d0cc)
0x18acc	$ConstantIndex(0x1dacc)
0x194cc	$ConstantIndex(0x1e4cc)
0x19eec	$ConstantIndex(0xa2)
0x1a8ec	$ConstantIndex(0x13b)
0x1b2ec	$ConstantIndex(0x161)
0x1bcec	$ConstantIndex(0x18d)
0x1c6ec	$ConstantIndex(0x1b3)
0x1d0ec	$ConstantIndex(0x1fd)
0x1daec	$ConstantIndex(0x296)
0x1e4ec	$ConstantIndex(0x2d5)
0x3a5V0xaa	$ConstantIndex(0xa6b3)
0x38aV0xaa	$ConstantIndex(0xa68c)
0x2b16V0xaa	$ConstantIndex(0x3b7)
0x3c7V0xaa	$ConstantIndex(0x3b7)
0x392V0xaa	$ConstantIndex(0x3a9)
0x3516V0xaa	$ConstantIndex(0xa728)
0x47aV0x205	$ConstantIndex(0xa701)
0x45fV0x205	$ConstantIndex(0xa6da)
0x3f16V0x205	$ConstantIndex(0x48c)
0x49cV0x205	$ConstantIndex(0x48c)
0x467V0x205	$ConstantIndex(0x47e)
0x4916V0x205	$ConstantIndex(0xa74f)
0x4f5V0x29e	$ConstantIndex(0x4fe)
0x583V0x29e	$ConstantIndex(0x58c)
0x5316V0x29e	$ConstantIndex(0x627)
0x409	$MappingAccessIndex($ConstantIndex(0x5), 0x1d9)
0x639	$MappingAccessIndex($ConstantIndex(0x6), 0x2fb)
0x4f1V0x29e	$MappingAccessIndex($ConstantIndex(0x5), 0x4e3V0x29e)
0x53dV0x29e	$MappingAccessIndex($ConstantIndex(0x5), 0x52fV0x29e)
0x57eV0x29e	$MappingAccessIndex($ConstantIndex(0x5), 0x570V0x29e)
0x5ccV0x29e	$MappingAccessIndex($ConstantIndex(0x5), 0x5beV0x29e)
0x619V0x29e	$MappingAccessIndex($ConstantIndex(0x5), 0x60bV0x29e)
0x3b5V0xaa	$ArrayDataStartIndex($ConstantIndex(0x0))
0x48aV0x205	$ArrayDataStartIndex($ConstantIndex(0x1))
0x645	$MappingAccessIndex($MappingAccessIndex($ConstantIndex(0x6), 0x2fb), 0x31a)
