0x0	CONST
0xf	CALLDATALOAD
0x4	MSTORE
0x8	LT
0x60	CALLER
0x2	CONST
0x5	CONST
0x7	CALLDATASIZE
0xd	CONST
0x10	CONST
0x2f	DIV
0x30	CONST
0x35	AND
0x37	CONST
0x3c	EQ
0x42	CONST
0x47	EQ
0x4d	CONST
0x52	EQ
0x58	CONST
0x5a	ISZERO
0x5b	ISZERO
0x5c	CONST
0x5e	CONST
0x61	CONST
0x76	AND
0x77	CONST
0x8c	AND
0x8f	CONST
0x91	ADD
0x95	CONST
0x97	ADD
0x98	CONST
0x9a	SHA3
0x9b	CONST
0x9e	SLOAD
0xa0	CONST
0xa3	EXP
0xa5	DIV
0xa6	CONST
0xa8	AND
0xa9	ISZERO
0xaa	ISZERO
0xab	EQ
0xac	ISZERO
0xad	ISZERO
0xae	CONST
0xb2	CONST
0xb7	CONST
0xb9	CALLVALUE
0xba	EQ
0xbb	ISZERO
0xbc	ISZERO
0xbd	CONST
0xc1	CONST
0xc6	CONST
0xcb	CONST
0xcd	CONST
0xcf	CALLER
0xd0	CONST
0xe5	AND
0xe6	CONST
0xfb	AND
0xfe	CONST
0x100	ADD
0x104	CONST
0x106	ADD
0x107	CONST
0x109	SHA3
0x10a	CONST
0x10e	SLOAD
0x10f	ADD
0x117	CONST
0x11b	SLOAD
0x11d	CONST
0x120	EXP
0x122	DIV
0x123	CONST
0x138	AND
0x139	CONST
0x14e	AND
0x14f	CONST
0x154	CALLER
0x155	CONST
0x15a	CONST
0x15c	MLOAD
0x15e	CONST
0x163	AND
0x164	CONST
0x182	MUL
0x185	CONST
0x187	ADD
0x18a	CONST
0x19f	AND
0x1a0	CONST
0x1b5	AND
0x1b8	CONST
0x1ba	ADD
0x1be	CONST
0x1c0	ADD
0x1c5	CONST
0x1c7	CONST
0x1c9	MLOAD
0x1cc	SUB
0x1ce	CONST
0x1d2	EXTCODESIZE
0x1d3	ISZERO
0x1d5	ISZERO
0x1d6	CONST
0x1da	CONST
0x1e0	GAS
0x1e1	CALL
0x1e2	ISZERO
0x1e4	ISZERO
0x1e5	CONST
0x1e9	RETURNDATASIZE
0x1ea	CONST
0x1ee	RETURNDATASIZE
0x1ef	CONST
0x1f7	CONST
0x1f9	CONST
0x1fb	CONST
0x1fd	CALLER
0x1fe	CONST
0x213	AND
0x214	CONST
0x229	AND
0x22c	CONST
0x22e	ADD
0x232	CONST
0x234	ADD
0x235	CONST
0x237	SHA3
0x238	CONST
0x23a	CONST
0x23d	EXP
0x23f	SLOAD
0x241	CONST
0x243	MUL
0x244	NOT
0x245	AND
0x248	ISZERO
0x249	ISZERO
0x24a	MUL
0x24b	OR
0x251	CALLVALUE
0x253	ISZERO
0x254	CONST
0x258	CONST
0x25e	CONST
0x261	CONST
0x266	CONST
0x268	MLOAD
0x26b	CONST
0x280	AND
0x281	CONST
0x296	AND
0x299	CONST
0x29b	ADD
0x29f	CONST
0x2a1	MLOAD
0x2a4	SUB
0x2a8	CALLVALUE
0x2aa	ISZERO
0x2ab	CONST
0x2af	CONST
0x2b5	CONST
0x2b8	CONST
0x2bb	CALLDATASIZE
0x2bc	SUB
0x2be	ADD
0x2c2	CALLDATALOAD
0x2c3	CONST
0x2d8	AND
0x2da	CONST
0x2dc	ADD
0x2e4	CONST
0x2e9	CONST
0x2eb	MLOAD
0x2f0	CONST
0x2f2	ADD
0x2f6	CONST
0x2f8	MLOAD
0x2fb	SUB
0x2ff	CALLVALUE
0x301	ISZERO
0x302	CONST
0x306	CONST
0x30c	CONST
0x30f	CONST
0x312	CALLDATASIZE
0x313	SUB
0x315	ADD
0x319	CALLDATALOAD
0x31a	CONST
0x32f	AND
0x331	CONST
0x333	ADD
0x33b	CONST
0x340	CONST
0x342	MLOAD
0x345	ISZERO
0x346	ISZERO
0x347	ISZERO
0x348	ISZERO
0x34b	CONST
0x34d	ADD
0x351	CONST
0x353	MLOAD
0x356	SUB
0x35a	CONST
0x35e	SLOAD
0x360	CONST
0x363	EXP
0x365	DIV
0x366	CONST
0x37b	AND
0x37f	CONST
0x381	CONST
0x385	CONST
0x388	CONST
0x38a	CONST
0x38c	SHA3
0x38d	CONST
0x393	SLOAD
0x397	CONST
0x399	CONST
0x39d	CONST
0x3a0	CONST
0x3a2	CONST
0x3a4	SHA3
0x3a5	CONST
0x3a9	SLOAD
0x3ab	CONST
0x3ae	EXP
0x3b0	DIV
0x3b1	CONST
0x3b3	AND
0x7da	CONST
0x11da	CONST
0x1bda	CONST
0x25da	CONST
0x2ffa	CONST
0x39fa	CONST
0x43fa	CONST
0x4dfa	CONST
0x301a	CALLPRIVATE
0x3a1a	CALLPRIVATE
0x441a	CALLPRIVATE
0x4e1a	CALLPRIVATE
0x264	JUMP
0x2e7	JUMP
0x33e	JUMP
0x37d	JUMP
0x395	JUMP
0x3b5	JUMP
0xb1	JUMPI
0xc0	JUMPI
0x1d9	JUMPI
0x1e8	JUMPI
0x257	JUMPI
0x2ae	JUMPI
0x305	JUMPI
0x7fa	JUMPI
0x11fa	JUMPI
0x1bfa	JUMPI
0x25fa	JUMPI
0x24f	STOP
0x2a6	RETURN
0x2fd	RETURN
0x358	RETURN
0xb5	REVERT
0xc4	REVERT
0x1dd	REVERT
0x1f1	REVERT
0x25b	REVERT
0x2b2	REVERT
0x309	REVERT
0x8e	MSTORE
0x94	MSTORE
0xfd	MSTORE
0x103	MSTORE
0x184	MSTORE
0x1b7	MSTORE
0x1bd	MSTORE
0x22b	MSTORE
0x231	MSTORE
0x298	MSTORE
0x2ef	MSTORE
0x34a	MSTORE
0x383	MSTORE
0x387	MSTORE
0x39b	MSTORE
0x39f	MSTORE
0x115	SSTORE
0x24d	SSTORE
0x1ed	RETURNDATACOPY
